,StudentEnrollment,ELCount,ELPCT,BlackAfricanAmericanCount,BlackAfricanAmericanPCT,CEPEconomicallyDisadvantagedRate
0,158,24.0,15.19,121,76.58,
1,145,40.0,27.59,103,71.03,
2,111,23.0,20.72,91,81.98,
3,112,27.0,24.11,90,80.36,
4,526,114.0,21.67,405,77.0,100.0
5,196,12.0,6.12,171,87.24,
6,164,7.0,4.27,148,90.24,
7,143,7.0,4.9,127,88.81,
8,98,4.0,4.08,84,85.71,
9,601,30.0,4.99,530,88.19,100.0
10,171,2.0,1.17,163,95.32,
11,135,4.0,2.96,119,88.15,
12,114,2.0,1.75,105,92.11,
13,140,3.0,2.14,130,92.86,
14,560,11.0,1.96,517,92.32,100.0
15,72,4.0,5.56,69,95.83,
16,63,4.0,6.35,60,95.24,
17,77,3.0,3.9,74,96.1,
18,79,4.0,5.06,75,94.94,
19,291,15.0,5.15,278,95.53,100.0
20,112,5.0,4.46,103,91.96,
21,109,6.0,5.5,98,89.91,
22,98,3.0,3.06,89,90.82,
23,107,2.0,1.87,95,88.79,
24,426,16.0,3.76,385,90.38,100.0
25,29,5.0,17.24,21,72.41,
26,64,15.0,23.44,44,68.75,
27,88,20.0,22.73,71,80.68,
28,100,19.0,19.0,76,76.0,
29,281,59.0,21.0,212,75.44,100.0
30,19,4.0,21.05,17,89.47,
31,69,3.0,4.35,64,92.75,
32,71,9.0,12.68,66,92.96,
33,80,8.0,10.0,74,92.5,
34,239,24.0,10.04,221,92.47,100.0
35,60,2.0,3.33,50,83.33,
36,69,0.0,0.0,67,97.1,
37,51,0.0,0.0,48,94.12,
38,40,0.0,0.0,38,95.0,
39,69,2.0,2.9,64,92.75,
40,62,2.0,3.23,53,85.48,
41,49,0.0,0.0,48,97.96,
42,53,1.0,1.89,49,92.45,
43,40,2.0,5.0,40,100.0,
44,493,9.0,1.83,457,92.7,100.0
45,41,3.0,7.32,37,90.24,
46,32,1.0,3.13,29,90.63,
47,42,2.0,4.76,39,92.86,
48,32,1.0,3.13,27,84.38,
49,40,4.0,10.0,39,97.5,
50,32,1.0,3.13,29,90.63,
51,45,3.0,6.67,37,82.22,
52,41,1.0,2.44,39,95.12,
53,36,2.0,5.56,30,83.33,
54,341,18.0,5.28,306,89.74,100.0
55,63,12.0,19.05,38,60.32,
56,72,20.0,27.78,51,70.83,
57,62,17.0,27.42,44,70.97,
58,63,19.0,30.16,39,61.9,
59,73,15.0,20.55,44,60.27,
60,65,15.0,23.08,48,73.85,
61,398,98.0,24.62,264,66.33,100.0
62,34,1.0,2.94,29,85.29,
63,20,1.0,5.0,19,95.0,
64,40,0.0,0.0,39,97.5,
65,21,1.0,4.76,19,90.48,
66,28,1.0,3.57,25,89.29,
67,24,1.0,4.17,21,87.5,
68,33,0.0,0.0,31,93.94,
69,33,0.0,0.0,32,96.97,
70,34,0.0,0.0,34,100.0,
71,267,5.0,1.87,249,93.26,100.0
72,80,13.0,16.25,11,13.75,
73,78,15.0,19.23,8,10.26,
74,72,8.0,11.11,6,8.33,
75,72,9.0,12.5,8,11.11,
76,69,3.0,4.35,4,5.8,
77,60,2.0,3.33,8,13.33,
78,57,8.0,14.04,10,17.54,
79,52,4.0,7.69,8,15.38,
80,44,1.0,2.27,11,25.0,
81,584,63.0,10.79,74,12.67,45.75
82,28,0.0,0.0,24,85.71,
83,31,2.0,6.45,27,87.1,
84,48,2.0,4.17,46,95.83,
85,21,1.0,4.76,20,95.24,
86,35,0.0,0.0,34,97.14,
87,52,1.0,1.92,47,90.38,
88,36,0.0,0.0,33,91.67,
89,56,0.0,0.0,53,94.64,
90,47,1.0,2.13,46,97.87,
91,354,7.0,1.98,330,93.22,100.0
92,34,1.0,2.94,29,85.29,
93,28,1.0,3.57,20,71.43,
94,32,0.0,0.0,31,96.88,
95,31,2.0,6.45,28,90.32,
96,29,0.0,0.0,26,89.66,
97,40,0.0,0.0,39,97.5,
98,36,0.0,0.0,36,100.0,
99,32,0.0,0.0,29,90.63,
100,28,1.0,3.57,26,92.86,
101,290,5.0,1.72,264,91.03,100.0
102,46,6.0,13.04,24,52.17,
103,56,12.0,21.43,22,39.29,
104,74,15.0,20.27,41,55.41,
105,48,14.0,29.17,25,52.08,
106,58,12.0,20.69,41,70.69,
107,47,13.0,27.66,28,59.57,
108,46,6.0,13.04,33,71.74,
109,36,4.0,11.11,23,63.89,
110,50,13.0,26.0,34,68.0,
111,461,95.0,20.61,271,58.79,96.49
112,26,1.0,3.85,24,92.31,
113,26,0.0,0.0,25,96.15,
114,26,0.0,0.0,26,100.0,
115,23,1.0,4.35,20,86.96,
116,23,0.0,0.0,23,100.0,
117,31,0.0,0.0,27,87.1,
118,34,1.0,2.94,32,94.12,
119,36,1.0,2.78,35,97.22,
120,23,1.0,4.35,23,100.0,
121,248,5.0,2.02,235,94.76,100.0
122,23,0.0,0.0,21,91.3,
123,28,0.0,0.0,27,96.43,
124,22,0.0,0.0,19,86.36,
125,24,0.0,0.0,21,87.5,
126,38,1.0,2.63,38,100.0,
127,31,1.0,3.23,30,96.77,
128,37,0.0,0.0,35,94.59,
129,31,1.0,3.23,30,96.77,
130,38,0.0,0.0,35,92.11,
131,272,3.0,1.1,256,94.12,100.0
132,30,1.0,3.33,29,96.67,
133,33,0.0,0.0,27,81.82,
134,38,0.0,0.0,35,92.11,
135,37,0.0,0.0,33,89.19,
136,29,0.0,0.0,29,100.0,
137,42,1.0,2.38,39,92.86,
138,34,0.0,0.0,32,94.12,
139,26,1.0,3.85,25,96.15,
140,28,1.0,3.57,28,100.0,
141,297,4.0,1.35,277,93.27,100.0
142,66,7.0,10.61,53,80.3,
143,56,10.0,17.86,45,80.36,
144,51,8.0,15.69,45,88.24,
145,58,8.0,13.79,43,74.14,
146,69,8.0,11.59,58,84.06,
147,53,5.0,9.43,45,84.91,
148,353,46.0,13.03,289,81.87,100.0
149,67,2.0,2.99,39,58.21,
150,78,2.0,2.56,47,60.26,
151,63,1.0,1.59,34,53.97,
152,53,1.0,1.89,35,66.04,
153,50,1.0,2.0,32,64.0,
154,311,7.0,2.25,187,60.13,79.74
155,73,5.0,6.85,59,80.82,
156,71,9.0,12.68,63,88.73,
157,63,7.0,11.11,52,82.54,
158,66,9.0,13.64,51,77.27,
159,78,6.0,7.69,66,84.62,
160,351,36.0,10.26,291,82.91,100.0
161,45,1.0,2.22,43,95.56,
162,50,1.0,2.0,47,94.0,
163,52,3.0,5.77,48,92.31,
164,33,0.0,0.0,31,93.94,
165,50,0.0,0.0,45,90.0,
166,58,0.0,0.0,57,98.28,
167,31,0.0,0.0,30,96.77,
168,46,0.0,0.0,44,95.65,
169,47,1.0,2.13,45,95.74,
170,412,6.0,1.46,390,94.66,100.0
171,8,0.0,0.0,6,75.0,
172,27,0.0,0.0,20,74.07,
173,26,0.0,0.0,22,84.62,
174,25,2.0,8.0,20,80.0,
175,22,0.0,0.0,22,100.0,
176,27,0.0,0.0,25,92.59,
177,35,1.0,2.86,33,94.29,
178,26,2.0,7.69,19,73.08,
179,26,0.0,0.0,23,88.46,
180,222,5.0,2.25,190,85.59,100.0
181,40,6.0,15.0,32,80.0,
182,32,4.0,12.5,30,93.75,
183,31,2.0,6.45,27,87.1,
184,41,4.0,9.76,34,82.93,
185,36,3.0,8.33,32,88.89,
186,45,8.0,17.78,34,75.56,
187,44,3.0,6.82,39,88.64,
188,60,9.0,15.0,43,71.67,
189,52,4.0,7.69,41,78.85,
190,381,43.0,11.29,312,81.89,100.0
191,38,0.0,0.0,36,94.74,
192,37,1.0,2.7,35,94.59,
193,45,4.0,8.89,40,88.89,
194,39,1.0,2.56,38,97.44,
195,43,1.0,2.33,41,95.35,
196,41,0.0,0.0,38,92.68,
197,40,0.0,0.0,39,97.5,
198,42,1.0,2.38,39,92.86,
199,46,0.0,0.0,41,89.13,
200,371,8.0,2.16,347,93.53,100.0
201,26,3.0,11.54,20,76.92,
202,31,3.0,9.68,26,83.87,
203,32,1.0,3.13,24,75.0,
204,31,4.0,12.9,23,74.19,
205,29,2.0,6.9,20,68.97,
206,26,2.0,7.69,22,84.62,
207,30,7.0,23.33,25,83.33,
208,29,3.0,10.34,21,72.41,
209,27,3.0,11.11,21,77.78,
210,261,28.0,10.73,202,77.39,100.0
211,21,0.0,0.0,20,95.24,
212,29,0.0,0.0,28,96.55,
213,25,0.0,0.0,22,88.0,
214,23,0.0,0.0,21,91.3,
215,28,0.0,0.0,27,96.43,
216,24,0.0,0.0,24,100.0,
217,31,0.0,0.0,28,90.32,
218,35,0.0,0.0,34,97.14,
219,32,0.0,0.0,31,96.88,
220,248,0.0,0.0,235,94.76,100.0
221,14,3.0,21.43,10,71.43,
222,33,4.0,12.12,20,60.61,
223,45,5.0,11.11,38,84.44,
224,64,1.0,1.56,56,87.5,
225,156,13.0,8.33,124,79.49,100.0
226,182,66.0,36.26,78,42.86,
227,187,97.0,51.87,66,35.29,
228,152,65.0,42.76,52,34.21,
229,114,40.0,35.09,45,39.47,
230,635,268.0,42.2,241,37.95,100.0
231,157,19.0,12.1,116,73.89,
232,117,23.0,19.66,71,60.68,
233,151,31.0,20.53,99,65.56,
234,120,19.0,15.83,88,73.33,
235,545,92.0,16.88,374,68.62,100.0
236,132,2.0,1.52,50,37.88,
237,177,3.0,1.69,94,53.11,
238,175,5.0,2.86,93,53.14,
239,172,3.0,1.74,76,44.19,
240,656,13.0,1.98,313,47.71,81.22
241,84,0.0,0.0,49,58.33,
242,93,1.0,1.08,56,60.22,
243,88,4.0,4.55,54,61.36,
244,90,2.0,2.22,52,57.78,
245,355,7.0,1.97,211,59.44,87.44
246,159,1.0,0.63,18,11.32,
247,193,4.0,2.07,39,20.21,
248,191,2.0,1.05,51,26.7,
249,192,1.0,0.52,25,13.02,
250,118,4.0,3.39,19,16.1,
251,117,0.0,0.0,19,16.24,
252,111,0.0,0.0,14,12.61,
253,120,0.0,0.0,15,12.5,
254,1201,12.0,1.0,200,16.65,59.82
255,239,124.0,51.88,53,22.18,
256,206,134.0,65.05,28,13.59,
257,212,109.0,51.42,37,17.45,
258,165,68.0,41.21,28,16.97,
259,822,435.0,52.92,146,17.76,96.35
260,35,21.0,60.0,5,14.29,
261,54,25.0,46.3,2,3.7,
262,43,16.0,37.21,3,6.98,
263,52,24.0,46.15,7,13.46,
264,58,26.0,44.83,6,10.34,
265,53,21.0,39.62,3,5.66,
266,62,25.0,40.32,5,8.06,
267,92,27.0,29.35,7,7.61,
268,85,41.0,48.24,6,7.06,
269,534,226.0,42.32,44,8.24,100.0
270,68,2.0,2.94,18,26.47,
271,73,2.0,2.74,20,27.4,
272,65,4.0,6.15,23,35.38,
273,85,6.0,7.06,28,32.94,
274,56,5.0,8.93,21,37.5,
275,42,3.0,7.14,24,57.14,
276,53,4.0,7.55,31,58.49,
277,42,3.0,7.14,24,57.14,
278,49,5.0,10.2,32,65.31,
279,533,34.0,6.38,221,41.46,82.85
280,19,2.0,10.53,8,42.11,
281,16,1.0,6.25,4,25.0,
282,21,1.0,4.76,14,66.67,
283,21,5.0,23.81,8,38.1,
284,29,4.0,13.79,13,44.83,
285,22,3.0,13.64,13,59.09,
286,31,2.0,6.45,14,45.16,
287,27,2.0,7.41,17,62.96,
288,34,1.0,2.94,17,50.0,
289,220,21.0,9.55,108,49.09,100.0
290,37,10.0,27.03,10,27.03,
291,46,13.0,28.26,17,36.96,
292,42,11.0,26.19,21,50.0,
293,46,18.0,39.13,17,36.96,
294,35,3.0,8.57,17,48.57,
295,58,14.0,24.14,27,46.55,
296,55,14.0,25.45,20,36.36,
297,47,14.0,29.79,22,46.81,
298,45,15.0,33.33,21,46.67,
299,411,112.0,27.25,172,41.85,100.0
300,140,29.0,20.71,72,51.43,
301,211,52.0,24.64,105,49.76,
302,256,48.0,18.75,124,48.44,
303,158,39.0,24.68,68,43.04,
304,765,168.0,21.96,369,48.24,100.0
305,5,0.0,0.0,5,100.0,
306,6,0.0,0.0,6,100.0,
307,14,0.0,0.0,12,85.71,
308,9,0.0,0.0,7,77.78,
309,12,0.0,0.0,12,100.0,
310,4,1.0,25.0,4,100.0,
311,50,1.0,2.0,46,92.0,100.0
312,52,11.0,21.15,23,44.23,
313,45,10.0,22.22,22,48.89,
314,62,11.0,17.74,39,62.9,
315,52,4.0,7.69,32,61.54,
316,67,15.0,22.39,33,49.25,
317,278,51.0,18.35,149,53.6,100.0
318,79,8.0,10.13,10,12.66,
319,69,13.0,18.84,10,14.49,
320,80,25.0,31.25,6,7.5,
321,75,12.0,16.0,8,10.67,
322,72,12.0,16.67,12,16.67,
323,57,12.0,21.05,8,14.04,
324,63,13.0,20.63,5,7.94,
325,58,4.0,6.9,4,6.9,
326,66,7.0,10.61,8,12.12,
327,619,106.0,17.12,71,11.47,65.4
328,26,1.0,3.85,24,92.31,
329,31,4.0,12.9,21,67.74,
330,20,1.0,5.0,16,80.0,
331,21,1.0,4.76,17,80.95,
332,25,1.0,4.0,16,64.0,
333,25,2.0,8.0,18,72.0,
334,27,3.0,11.11,20,74.07,
335,27,0.0,0.0,22,81.48,
336,31,3.0,9.68,24,77.42,
337,233,16.0,6.87,178,76.39,100.0
338,66,0.0,0.0,5,7.58,
339,66,1.0,1.52,7,10.61,
340,74,0.0,0.0,7,9.46,
341,64,1.0,1.56,3,4.69,
342,70,2.0,2.86,5,7.14,
343,34,0.0,0.0,2,5.88,
344,35,0.0,0.0,5,14.29,
345,61,0.0,0.0,3,4.92,
346,45,0.0,0.0,7,15.56,
347,515,4.0,0.78,44,8.54,23.92
348,22,0.0,0.0,18,81.82,
349,20,0.0,0.0,16,80.0,
350,20,1.0,5.0,14,70.0,
351,29,0.0,0.0,26,89.66,
352,31,2.0,6.45,26,83.87,
353,23,0.0,0.0,21,91.3,
354,19,0.0,0.0,15,78.95,
355,21,0.0,0.0,20,95.24,
356,17,0.0,0.0,15,88.24,
357,202,3.0,1.49,171,84.65,100.0
358,64,2.0,3.13,8,12.5,
359,98,1.0,1.02,17,17.35,
360,101,2.0,1.98,21,20.79,
361,79,2.0,2.53,16,20.25,
362,54,2.0,3.7,16,29.63,
363,60,2.0,3.33,19,31.67,
364,56,0.0,0.0,21,37.5,
365,65,1.0,1.54,23,35.38,
366,577,12.0,2.08,141,24.44,61.56
367,26,0.0,0.0,10,38.46,
368,30,1.0,3.33,17,56.67,
369,40,3.0,7.5,19,47.5,
370,47,0.0,0.0,30,63.83,
371,25,0.0,0.0,17,68.0,
372,33,0.0,0.0,22,66.67,
373,29,0.0,0.0,26,89.66,
374,33,0.0,0.0,27,81.82,
375,16,0.0,0.0,16,100.0,
376,279,4.0,1.43,184,65.95,100.0
377,80,5.0,6.25,3,3.75,
378,90,8.0,8.89,9,10.0,
379,99,6.0,6.06,6,6.06,
380,94,9.0,9.57,6,6.38,
381,85,4.0,4.71,9,10.59,
382,76,9.0,11.84,15,19.74,
383,63,2.0,3.17,14,22.22,
384,70,1.0,1.43,8,11.43,
385,73,3.0,4.11,17,23.29,
386,730,47.0,6.44,87,11.92,23.01
387,37,0.0,0.0,8,21.62,
388,33,0.0,0.0,8,24.24,
389,42,0.0,0.0,15,35.71,
390,44,1.0,2.27,18,40.91,
391,41,0.0,0.0,13,31.71,
392,28,0.0,0.0,14,50.0,
393,35,0.0,0.0,14,40.0,
394,28,0.0,0.0,23,82.14,
395,21,0.0,0.0,15,71.43,
396,309,1.0,0.32,128,41.42,63.17
397,21,2.0,9.52,14,66.67,
398,21,4.0,19.05,15,71.43,
399,22,6.0,27.27,12,54.55,
400,29,9.0,31.03,17,58.62,
401,25,3.0,12.0,17,68.0,
402,28,5.0,17.86,21,75.0,
403,27,4.0,14.81,20,74.07,
404,23,6.0,26.09,16,69.57,
405,17,0.0,0.0,15,88.24,
406,213,39.0,18.31,147,69.01,100.0
407,74,14.0,18.92,9,12.16,
408,70,14.0,20.0,8,11.43,
409,62,5.0,8.06,8,12.9,
410,55,7.0,12.73,9,16.36,
411,61,14.0,22.95,5,8.2,
412,65,10.0,15.38,9,13.85,
413,42,11.0,26.19,7,16.67,
414,45,9.0,20.0,6,13.33,
415,43,16.0,37.21,5,11.63,
416,517,100.0,19.34,66,12.77,69.63
417,54,7.0,12.96,11,20.37,
418,38,7.0,18.42,7,18.42,
419,54,11.0,20.37,5,9.26,
420,37,10.0,27.03,7,18.92,
421,46,10.0,21.74,5,10.87,
422,26,5.0,19.23,2,7.69,
423,255,50.0,19.61,37,14.51,97.25
424,3,0.0,0.0,2,66.67,
425,5,1.0,20.0,4,80.0,
426,14,0.0,0.0,10,71.43,
427,47,2.0,4.26,36,76.6,
428,62,3.0,4.84,50,80.65,
429,31,0.0,0.0,27,87.1,
430,48,0.0,0.0,45,93.75,
431,210,6.0,2.86,174,82.86,13.71
432,53,42.0,79.25,3,5.66,
433,55,39.0,70.91,3,5.45,
434,60,49.0,81.67,5,8.33,
435,43,29.0,67.44,4,9.3,
436,60,38.0,63.33,5,8.33,
437,55,41.0,74.55,3,5.45,
438,63,37.0,58.73,8,12.7,
439,389,275.0,70.69,31,7.97,100.0
440,46,19.0,41.3,3,6.52,
441,54,25.0,46.3,3,5.56,
442,47,30.0,63.83,0,0.0,
443,50,31.0,62.0,3,6.0,
444,54,26.0,48.15,2,3.7,
445,54,26.0,48.15,2,3.7,
446,53,24.0,45.28,3,5.66,
447,60,26.0,43.33,3,5.0,
448,60,24.0,40.0,5,8.33,
449,478,231.0,48.33,24,5.02,100.0
450,54,4.0,7.41,18,33.33,
451,37,5.0,13.51,11,29.73,
452,46,9.0,19.57,14,30.43,
453,37,9.0,24.32,13,35.14,
454,55,8.0,14.55,17,30.91,
455,58,15.0,25.86,21,36.21,
456,26,4.0,15.38,16,61.54,
457,34,10.0,29.41,12,35.29,
458,42,10.0,23.81,21,50.0,
459,389,74.0,19.02,143,36.76,95.84
460,286,41.0,14.34,56,19.58,
461,355,32.0,9.01,107,30.14,
462,303,21.0,6.93,72,23.76,
463,244,12.0,4.92,61,25.0,
464,1188,106.0,8.92,296,24.92,100.0
465,31,6.0,19.35,0,0.0,
466,24,7.0,29.17,1,4.17,
467,39,7.0,17.95,4,10.26,
468,23,8.0,34.78,1,4.35,
469,33,5.0,15.15,2,6.06,
470,26,5.0,19.23,2,7.69,
471,52,5.0,9.62,9,17.31,
472,48,11.0,22.92,5,10.42,
473,51,9.0,17.65,10,19.61,
474,327,63.0,19.27,34,10.4,100.0
475,100,48.0,48.0,5,5.0,
476,102,54.0,52.94,2,1.96,
477,98,45.0,45.92,5,5.1,
478,108,54.0,50.0,8,7.41,
479,99,38.0,38.38,4,4.04,
480,108,53.0,49.07,9,8.33,
481,85,47.0,55.29,3,3.53,
482,120,59.0,49.17,10,8.33,
483,115,64.0,55.65,9,7.83,
484,935,462.0,49.41,55,5.88,100.0
485,125,5.0,4.0,36,28.8,
486,127,5.0,3.94,37,29.13,
487,125,5.0,4.0,33,26.4,
488,123,1.0,0.81,36,29.27,
489,500,16.0,3.2,142,28.4,60.8
490,110,14.0,12.73,65,59.09,
491,86,8.0,9.3,57,66.28,
492,101,3.0,2.97,65,64.36,
493,104,6.0,5.77,68,65.38,
494,401,31.0,7.73,255,63.59,100.0
495,16,0.0,0.0,9,56.25,
496,54,2.0,3.7,41,75.93,
497,51,5.0,9.8,36,70.59,
498,61,3.0,4.92,48,78.69,
499,60,2.0,3.33,51,85.0,
500,103,8.0,7.77,85,82.52,
501,99,9.0,9.09,73,73.74,
502,114,12.0,10.53,82,71.93,
503,558,41.0,7.35,425,76.16,86.88
504,48,18.0,37.5,5,10.42,
505,54,32.0,59.26,3,5.56,
506,54,25.0,46.3,2,3.7,
507,46,25.0,54.35,3,6.52,
508,50,24.0,48.0,4,8.0,
509,48,19.0,39.58,6,12.5,
510,61,19.0,31.15,8,13.11,
511,57,31.0,54.39,3,5.26,
512,67,33.0,49.25,8,11.94,
513,485,226.0,46.6,42,8.66,100.0
514,41,10.0,24.39,3,7.32,
515,29,9.0,31.03,7,24.14,
516,47,12.0,25.53,7,14.89,
517,17,7.0,41.18,5,29.41,
518,43,12.0,27.91,11,25.58,
519,23,11.0,47.83,3,13.04,
520,39,11.0,28.21,11,28.21,
521,18,5.0,27.78,8,44.44,
522,54,17.0,31.48,8,14.81,
523,311,94.0,30.23,63,20.26,99.81
524,1,0.0,0.0,1,100.0,
525,9,0.0,0.0,8,88.89,
526,24,0.0,0.0,22,91.67,
527,34,0.0,0.0,31,91.18,100.0
528,1,0.0,0.0,1,100.0,
529,5,1.0,20.0,3,60.0,
530,15,2.0,13.33,7,46.67,
531,11,0.0,0.0,8,72.73,
532,32,3.0,9.38,19,59.38,100.0
533,1,0.0,0.0,1,100.0,
534,7,1.0,14.29,6,85.71,
535,24,2.0,8.33,20,83.33,
536,120,4.0,3.33,98,81.67,
537,152,7.0,4.61,125,82.24,0.0
538,7,1.0,14.29,3,42.86,
539,23,0.0,0.0,10,43.48,
540,36,2.0,5.56,23,63.89,
541,33,1.0,3.03,9,27.27,
542,99,4.0,4.04,45,45.45,0.0
543,13,1.0,7.69,5,38.46,
544,49,4.0,8.16,24,48.98,
545,39,3.0,7.69,18,46.15,
546,106,9.0,8.49,53,50.0,
547,207,17.0,8.21,100,48.31,100.0
548,7,1.0,14.29,3,42.86,
549,35,0.0,0.0,25,71.43,
550,31,2.0,6.45,26,83.87,
551,104,1.0,0.96,75,72.12,
552,177,4.0,2.26,129,72.88,100.0
553,1,0.0,0.0,1,100.0,
554,1,0.0,0.0,1,100.0,0.0
555,70,,,4,5.71,
556,61,,,8,13.11,
557,62,,,1,1.61,
558,91,,,10,10.99,
559,62,,,7,11.29,
560,64,,,6,9.38,
561,97,,,14,14.43,
562,91,,,13,14.29,
563,62,,,6,9.68,
564,169,,,13,7.69,
565,141,,,7,4.96,
566,151,,,16,10.6,
567,125,,,19,15.2,
568,1246,,,124,9.95,
569,23,,,23,100.0,
570,59,,,59,100.0,
571,86,,,85,98.84,
572,65,,,64,98.46,
573,62,,,60,96.77,
574,59,,,59,100.0,
575,82,,,79,96.34,
576,68,,,65,95.59,
577,50,,,47,94.0,
578,554,,,541,97.65,
579,256,,,234,91.41,
580,256,,,234,91.41,
581,99,,,18,18.18,
582,92,,,16,17.39,
583,103,,,17,16.5,
584,86,,,16,18.6,
585,95,,,17,17.89,
586,100,,,23,23.0,
587,87,,,16,18.39,
588,98,,,12,12.24,
589,87,,,12,13.79,
590,847,,,147,17.36,
591,49,,,5,10.2,
592,49,,,1,2.04,
593,46,,,6,13.04,
594,84,,,5,5.95,
595,76,,,7,9.21,
596,42,,,2,4.76,
597,45,,,2,4.44,
598,48,,,4,8.33,
599,47,,,2,4.26,
600,486,,,34,7.0,
601,63,,,50,79.37,
602,39,,,32,82.05,
603,42,,,36,85.71,
604,44,,,41,93.18,
605,44,,,37,84.09,
606,36,,,33,91.67,
607,268,,,229,85.45,
608,155,,,148,95.48,
609,161,,,157,97.52,
610,156,,,151,96.79,
611,146,,,142,97.26,
612,618,,,598,96.76,
613,21,,,21,100.0,
614,43,,,42,97.67,
615,47,,,40,85.11,
616,59,,,57,96.61,
617,40,,,37,92.5,
618,46,,,39,84.78,
619,41,,,39,95.12,
620,45,,,41,91.11,
621,41,,,38,92.68,
622,383,,,354,92.43,
623,95,,,83,87.37,
624,58,,,48,82.76,
625,51,,,44,86.27,
626,41,,,35,85.37,
627,245,,,210,85.71,
628,188,,,132,70.21,
629,144,,,92,63.89,
630,109,,,60,55.05,
631,116,,,80,68.97,
632,557,,,364,65.35,
633,115,,,114,99.13,
634,125,,,121,96.8,
635,120,,,117,97.5,
636,127,,,125,98.43,
637,127,,,125,98.43,
638,119,,,114,95.8,
639,101,,,100,99.01,
640,75,,,71,94.67,
641,84,,,81,96.43,
642,993,,,968,97.48,
643,79,,,76,96.2,
644,72,,,67,93.06,
645,78,,,76,97.44,
646,77,,,75,97.4,
647,74,,,68,91.89,
648,81,,,75,92.59,
649,78,,,76,97.44,
650,50,,,45,90.0,
651,48,,,48,100.0,
652,637,,,606,95.13,
653,61,,,55,90.16,
654,114,,,103,90.35,
655,144,,,135,93.75,
656,161,,,150,93.17,
657,162,,,147,90.74,
658,131,,,123,93.89,
659,100,,,88,88.0,
660,84,,,74,88.1,
661,957,,,875,91.43,
662,44,,,44,100.0,
663,62,,,58,93.55,
664,77,,,68,88.31,
665,76,,,72,94.74,
666,86,,,81,94.19,
667,92,,,91,98.91,
668,79,,,77,97.47,
669,68,,,67,98.53,
670,99,,,95,95.96,
671,79,,,76,96.2,
672,79,,,74,93.67,
673,82,,,80,97.56,
674,923,,,883,95.67,
675,57,,,7,12.28,
676,69,,,6,8.7,
677,63,,,2,3.17,
678,75,,,8,10.67,
679,83,,,7,8.43,
680,83,,,13,15.66,
681,78,,,7,8.97,
682,80,,,5,6.25,
683,86,,,10,11.63,
684,121,,,23,19.01,
685,112,,,14,12.5,
686,110,,,20,18.18,
687,127,,,19,14.96,
688,1144,,,141,12.33,
689,76,,,74,97.37,
690,76,,,74,97.37,
691,71,,,69,97.18,
692,80,,,80,100.0,
693,84,,,83,98.81,
694,84,,,83,98.81,
695,86,,,82,95.35,
696,101,,,94,93.07,
697,123,,,116,94.31,
698,106,,,100,94.34,
699,109,,,100,91.74,
700,98,,,93,94.9,
701,91,,,85,93.41,
702,1185,,,1133,95.61,
703,56,,,48,85.71,
704,66,,,60,90.91,
705,61,,,56,91.8,
706,72,,,64,88.89,
707,67,,,63,94.03,
708,66,,,60,90.91,
709,59,,,55,93.22,
710,57,,,55,96.49,
711,61,,,55,90.16,
712,565,,,516,91.33,
713,110,,,15,13.64,
714,107,,,14,13.08,
715,109,,,11,10.09,
716,113,,,13,11.5,
717,113,,,15,13.27,
718,114,,,15,13.16,
719,115,,,12,10.43,
720,113,,,18,15.93,
721,114,,,8,7.02,
722,131,,,21,16.03,
723,130,,,17,13.08,
724,116,,,17,14.66,
725,112,,,23,20.54,
726,1497,,,199,13.29,
727,83,,,72,86.75,
728,87,,,77,88.51,
729,86,,,78,90.7,
730,256,,,227,88.67,
731,353,,,51,14.45,
732,333,,,38,11.41,
733,313,,,49,15.65,
734,316,,,35,11.08,
735,1315,,,173,13.16,
736,151,,,35,23.18,
737,138,,,24,17.39,
738,151,,,26,17.22,
739,141,,,30,21.28,
740,139,,,34,24.46,
741,145,,,38,26.21,
742,91,,,18,19.78,
743,119,,,26,21.85,
744,75,,,16,21.33,
745,83,,,12,14.46,
746,83,,,17,20.48,
747,104,,,26,25.0,
748,89,,,17,19.1,
749,1509,,,319,21.14,
750,24,,,1,4.17,
751,48,,,0,0.0,
752,48,,,0,0.0,
753,23,,,0,0.0,
754,239,,,15,6.28,
755,238,,,15,6.3,
756,231,,,16,6.93,
757,233,,,15,6.44,
758,206,,,8,3.88,
759,172,,,8,4.65,
760,184,,,10,5.43,
761,1646,,,88,5.35,
762,71,,,16,22.54,
763,75,,,17,22.67,
764,86,,,17,19.77,
765,84,,,26,30.95,
766,84,,,24,28.57,
767,87,,,24,27.59,
768,84,,,18,21.43,
769,78,,,21,26.92,
770,82,,,13,15.85,
771,275,,,82,29.82,
772,213,,,59,27.7,
773,157,,,37,23.57,
774,134,,,37,27.61,
775,1510,,,391,25.89,
776,66,,,62,93.94,
777,69,,,67,97.1,
778,64,,,60,93.75,
779,57,,,53,92.98,
780,53,,,49,92.45,
781,51,,,50,98.04,
782,69,,,65,94.2,
783,60,,,59,98.33,
784,59,,,55,93.22,
785,548,,,520,94.89,
786,201,,,58,28.86,
787,238,,,73,30.67,
788,227,,,67,29.52,
789,225,,,64,28.44,
790,214,,,62,28.97,
791,213,,,67,31.46,
792,221,,,77,34.84,
793,226,,,100,44.25,
794,215,,,92,42.79,
795,198,,,89,44.95,
796,154,,,63,40.91,
797,150,,,60,40.0,
798,139,,,51,36.69,
799,2621,,,923,35.22,
800,68,,,67,98.53,
801,66,,,64,96.97,
802,72,,,71,98.61,
803,81,,,81,100.0,
804,79,,,79,100.0,
805,79,,,76,96.2,
806,75,,,74,98.67,
807,77,,,75,97.4,
808,75,,,71,94.67,
809,672,,,658,97.92,
810,104,,,43,41.35,
811,94,,,42,44.68,
812,94,,,43,45.74,
813,93,,,42,45.16,
814,95,,,49,51.58,
815,83,,,45,54.22,
816,76,,,30,39.47,
817,83,,,39,46.99,
818,80,,,36,45.0,
819,802,,,369,46.01,
820,139,,,133,95.68,
821,144,,,136,94.44,
822,126,,,122,96.83,
823,107,,,107,100.0,
824,516,,,498,96.51,
825,147,,,138,93.88,
826,108,,,101,93.52,
827,113,,,108,95.58,
828,97,,,92,94.85,
829,104,,,99,95.19,
830,88,,,85,96.59,
831,657,,,623,94.82,
832,184,,,154,83.7,
833,167,,,140,83.83,
834,131,,,118,90.08,
835,145,,,121,83.45,
836,627,,,533,85.01,
837,56,,,51,91.07,
838,96,,,88,91.67,
839,91,,,84,92.31,
840,117,,,98,83.76,
841,360,,,321,89.17,
842,93,,,89,95.7,
843,73,,,72,98.63,
844,73,,,66,90.41,
845,78,,,74,94.87,
846,73,,,66,90.41,
847,78,,,75,96.15,
848,75,,,72,96.0,
849,71,,,67,94.37,
850,58,,,54,93.1,
851,672,,,635,94.49,
852,116,,,99,85.34,
853,109,,,80,73.39,
854,127,,,97,76.38,
855,97,,,71,73.2,
856,98,,,75,76.53,
857,87,,,73,83.91,
858,634,,,495,78.08,
859,99,,,95,95.96,
860,107,,,97,90.65,
861,110,,,107,97.27,
862,107,,,105,98.13,
863,109,,,101,92.66,
864,105,,,102,97.14,
865,107,,,98,91.59,
866,103,,,97,94.17,
867,101,,,97,96.04,
868,948,,,899,94.83,
869,136,,,67,49.26,
870,149,,,61,40.94,
871,155,,,74,47.74,
872,155,,,61,39.35,
873,164,,,76,46.34,
874,168,,,86,51.19,
875,162,,,66,40.74,
876,158,,,76,48.1,
877,169,,,83,49.11,
878,121,,,63,52.07,
879,119,,,64,53.78,
880,106,,,63,59.43,
881,95,,,37,38.95,
882,1857,,,877,47.23,
883,87,,,21,24.14,
884,90,,,32,35.56,
885,83,,,26,31.33,
886,84,,,18,21.43,
887,81,,,16,19.75,
888,81,,,21,25.93,
889,75,,,11,14.67,
890,66,,,22,33.33,
891,58,,,19,32.76,
892,705,,,186,26.38,
893,30,,,3,10.0,
894,39,,,3,7.69,
895,58,,,7,12.07,
896,65,,,6,9.23,
897,60,,,9,15.0,
898,78,,,11,14.1,
899,88,,,11,12.5,
900,88,,,14,15.91,
901,84,,,11,13.1,
902,69,,,17,24.64,
903,61,,,7,11.48,
904,58,,,11,18.97,
905,58,,,16,27.59,
906,836,,,126,15.07,
907,74,,,69,93.24,
908,66,,,65,98.48,
909,77,,,74,96.1,
910,67,,,64,95.52,
911,68,,,65,95.59,
912,75,,,71,94.67,
913,68,,,64,94.12,
914,68,,,67,98.53,
915,65,,,59,90.77,
916,72,,,69,95.83,
917,77,,,69,89.61,
918,82,,,77,93.9,
919,74,,,68,91.89,
920,933,,,881,94.43,
921,99,,,90,90.91,
922,93,,,92,98.92,
923,98,,,89,90.82,
924,104,,,99,95.19,
925,102,,,98,96.08,
926,102,,,96,94.12,
927,88,,,86,97.73,
928,82,,,80,97.56,
929,93,,,84,90.32,
930,861,,,814,94.54,
931,72,,,67,93.06,
932,60,,,57,95.0,
933,70,,,68,97.14,
934,68,,,63,92.65,
935,61,,,55,90.16,
936,70,,,66,94.29,
937,76,,,73,96.05,
938,71,,,67,94.37,
939,75,,,66,88.0,
940,623,,,582,93.42,
941,53,,,50,94.34,
942,54,,,47,87.04,
943,52,,,47,90.38,
944,55,,,51,92.73,
945,47,,,45,95.74,
946,261,,,240,91.95,
947,60,,,56,93.33,
948,79,,,76,96.2,
949,69,,,65,94.2,
950,89,,,84,94.38,
951,55,,,50,90.91,
952,57,,,54,94.74,
953,54,,,52,96.3,
954,45,,,42,93.33,
955,68,,,56,82.35,
956,576,,,535,92.88,
957,113,,,106,93.81,
958,128,,,119,92.97,
959,130,,,122,93.85,
960,119,,,108,90.76,
961,133,,,126,94.74,
962,128,,,123,96.09,
963,751,,,704,93.74,
964,43,,,2,4.65,
965,56,,,2,3.57,
966,56,,,3,5.36,
967,57,,,4,7.02,
968,57,,,5,8.77,
969,56,,,3,5.36,
970,54,,,7,12.96,
971,53,,,8,15.09,
972,57,,,8,14.04,
973,489,,,42,8.59,
974,80,,,27,33.75,
975,81,,,19,23.46,
976,86,,,27,31.4,
977,87,,,16,18.39,
978,85,,,17,20.0,
979,84,,,22,26.19,
980,85,,,32,37.65,
981,127,,,38,29.92,
982,136,,,46,33.82,
983,141,,,35,24.82,
984,126,,,46,36.51,
985,125,,,51,40.8,
986,112,,,39,34.82,
987,1355,,,415,30.63,
988,69,,,47,68.12,
989,77,,,48,62.34,
990,81,,,49,60.49,
991,81,,,50,61.73,
992,87,,,52,59.77,
993,82,,,51,62.2,
994,81,,,62,76.54,
995,75,,,56,74.67,
996,74,,,40,54.05,
997,707,,,455,64.36,
998,86,,,82,95.35,
999,104,,,97,93.27,
1000,108,,,104,96.3,
1001,165,,,153,92.73,
1002,135,,,124,91.85,
1003,92,,,88,95.65,
1004,81,,,74,91.36,
1005,771,,,722,93.64,
1006,77,,,34,44.16,
1007,79,,,28,35.44,
1008,84,,,28,33.33,
1009,79,,,27,34.18,
1010,72,,,28,38.89,
1011,71,,,21,29.58,
1012,67,,,17,25.37,
1013,68,,,39,57.35,
1014,71,,,28,39.44,
1015,668,,,250,37.43,
1016,63,,,56,88.89,
1017,61,,,53,86.89,
1018,67,,,56,83.58,
1019,63,,,55,87.3,
1020,58,,,54,93.1,
1021,78,,,69,88.46,
1022,80,,,70,87.5,
1023,52,,,50,96.15,
1024,58,,,50,86.21,
1025,580,,,513,88.45,
1026,120,,,116,96.67,
1027,150,,,144,96.0,
1028,126,,,111,88.1,
1029,150,,,145,96.67,
1030,118,,,112,94.92,
1031,123,,,113,91.87,
1032,114,,,109,95.61,
1033,901,,,850,94.34,
1034,98,,,7,7.14,
1035,95,,,10,10.53,
1036,96,,,4,4.17,
1037,100,,,9,9.0,
1038,93,,,4,4.3,
1039,91,,,4,4.4,
1040,78,,,4,5.13,
1041,62,,,2,3.23,
1042,53,,,7,13.21,
1043,766,,,51,6.66,
1044,94,,,6,6.38,
1045,73,,,0,0.0,
1046,74,,,3,4.05,
1047,70,,,3,4.29,
1048,95,,,4,4.21,
1049,92,,,3,3.26,
1050,85,,,0,0.0,
1051,58,,,0,0.0,
1052,68,,,1,1.47,
1053,709,,,20,2.82,
1054,41,,,40,97.56,
1055,51,,,47,92.16,
1056,54,,,51,94.44,
1057,54,,,52,96.3,
1058,51,,,48,94.12,
1059,57,,,53,92.98,
1060,57,,,54,94.74,
1061,55,,,45,81.82,
1062,53,,,51,96.23,
1063,54,,,48,88.89,
1064,50,,,42,84.0,
1065,47,,,45,95.74,
1066,42,,,37,88.1,
1067,666,,,613,92.04,
1068,105,,,10,9.52,
1069,106,,,12,11.32,
1070,109,,,7,6.42,
1071,106,,,4,3.77,
1072,109,,,9,8.26,
1073,106,,,6,5.66,
1074,107,,,7,6.54,
1075,106,,,5,4.72,
1076,103,,,6,5.83,
1077,957,,,66,6.9,
1078,72,,,17,23.61,
1079,81,,,29,35.8,
1080,82,,,18,21.95,
1081,82,,,21,25.61,
1082,81,,,27,33.33,
1083,80,,,22,27.5,
1084,82,,,32,39.02,
1085,81,,,32,39.51,
1086,80,,,31,38.75,
1087,97,,,40,41.24,
1088,98,,,45,45.92,
1089,80,,,38,47.5,
1090,86,,,40,46.51,
1091,1082,,,392,36.23,
1092,83,,,80,96.39,
1093,90,,,87,96.67,
1094,99,,,93,93.94,
1095,87,,,83,95.4,
1096,73,,,71,97.26,
1097,97,,,92,94.85,
1098,88,,,87,98.86,
1099,84,,,79,94.05,
1100,81,,,71,87.65,
1101,782,,,743,95.01,
1102,81,,,68,83.95,
1103,70,,,58,82.86,
1104,79,,,67,84.81,
1105,75,,,68,90.67,
1106,82,,,76,92.68,
1107,89,,,84,94.38,
1108,83,,,76,91.57,
1109,559,,,497,88.91,
1110,98,,,70,71.43,
1111,111,,,82,73.87,
1112,105,,,77,73.33,
1113,104,,,65,62.5,
1114,110,,,79,71.82,
1115,114,,,77,67.54,
1116,119,,,80,67.23,
1117,761,,,530,69.65,
1118,51,,,47,92.16,
1119,57,,,55,96.49,
1120,57,,,55,96.49,
1121,64,,,60,93.75,
1122,73,,,69,94.52,
1123,60,,,58,96.67,
1124,69,,,66,95.65,
1125,62,,,60,96.77,
1126,59,,,52,88.14,
1127,552,,,522,94.57,
1128,67,,,59,88.06,
1129,71,,,63,88.73,
1130,61,,,54,88.52,
1131,59,,,51,86.44,
1132,56,,,53,94.64,
1133,67,,,60,89.55,
1134,72,,,63,87.5,
1135,453,,,403,88.96,
1136,139,,,123,88.49,
1137,122,,,98,80.33,
1138,193,,,162,83.94,
1139,184,,,146,79.35,
1140,189,,,169,89.42,
1141,214,,,185,86.45,
1142,1041,,,883,84.82,
1143,159,,,142,89.31,
1144,152,,,143,94.08,
1145,139,,,116,83.45,
1146,126,,,107,84.92,
1147,576,,,508,88.19,
1148,27,,,21,77.78,
1149,24,,,19,79.17,
1150,57,,,35,61.4,
1151,42,,,30,71.43,
1152,150,,,105,70.0,
1153,85,,,69,81.18,
1154,82,,,65,79.27,
1155,95,,,76,80.0,
1156,73,,,65,89.04,
1157,71,,,60,84.51,
1158,90,,,71,78.89,
1159,84,,,69,82.14,
1160,80,,,69,86.25,
1161,77,,,64,83.12,
1162,737,,,608,82.5,
1163,77,,,74,96.1,
1164,82,,,77,93.9,
1165,76,,,71,93.42,
1166,67,,,61,91.04,
1167,92,,,89,96.74,
1168,87,,,84,96.55,
1169,88,,,82,93.18,
1170,91,,,85,93.41,
1171,92,,,80,86.96,
1172,752,,,703,93.48,
1173,75,,,17,22.67,
1174,74,,,13,17.57,
1175,71,,,16,22.54,
1176,75,,,17,22.67,
1177,72,,,20,27.78,
1178,89,,,19,21.35,
1179,65,,,20,30.77,
1180,73,,,20,27.4,
1181,80,,,27,33.75,
1182,674,,,169,25.07,
1183,85,,,35,41.18,
1184,91,,,38,41.76,
1185,109,,,57,52.29,
1186,108,,,53,49.07,
1187,101,,,57,56.44,
1188,112,,,57,50.89,
1189,102,,,49,48.04,
1190,118,,,69,58.47,
1191,104,,,51,49.04,
1192,930,,,466,50.11,
1193,66,,,32,48.48,
1194,140,,,49,35.0,
1195,161,,,55,34.16,
1196,176,,,62,35.23,
1197,543,,,198,36.46,
1198,43,,,34,79.07,
1199,35,,,26,74.29,
1200,57,,,50,87.72,
1201,40,,,34,85.0,
1202,42,,,36,85.71,
1203,47,,,44,93.62,
1204,50,,,42,84.0,
1205,46,,,41,89.13,
1206,52,,,47,90.38,
1207,412,,,354,85.92,
1208,74,,,71,95.95,
1209,82,,,81,98.78,
1210,72,,,67,93.06,
1211,71,,,68,95.77,
1212,58,,,55,94.83,
1213,72,,,70,97.22,
1214,73,,,71,97.26,
1215,70,,,63,90.0,
1216,74,,,67,90.54,
1217,646,,,613,94.89,
1218,84,,,82,97.62,
1219,82,,,79,96.34,
1220,85,,,79,92.94,
1221,77,,,71,92.21,
1222,99,,,92,92.93,
1223,78,,,75,96.15,
1224,505,,,478,94.65,
1225,72,,,71,98.61,
1226,64,,,63,98.44,
1227,53,,,50,94.34,
1228,52,,,50,96.15,
1229,78,,,73,93.59,
1230,77,,,76,98.7,
1231,73,,,72,98.63,
1232,70,,,67,95.71,
1233,60,,,53,88.33,
1234,599,,,575,95.99,
1235,99,,,86,86.87,
1236,123,,,117,95.12,
1237,79,,,74,93.67,
1238,301,,,277,92.03,
1239,94,,,89,94.68,
1240,99,,,96,96.97,
1241,95,,,91,95.79,
1242,101,,,98,97.03,
1243,97,,,94,96.91,
1244,91,,,88,96.7,
1245,83,,,77,92.77,
1246,660,,,633,95.91,
1247,45,,,19,42.22,
1248,47,,,18,38.3,
1249,57,,,24,42.11,
1250,46,,,17,36.96,
1251,50,,,29,58.0,
1252,57,,,21,36.84,
1253,302,,,128,42.38,
1254,78,,,72,92.31,
1255,94,,,89,94.68,
1256,85,,,72,84.71,
1257,84,,,77,91.67,
1258,85,,,81,95.29,
1259,82,,,71,86.59,
1260,84,,,76,90.48,
1261,592,,,538,90.88,
1262,196,,,56,28.57,
1263,202,,,63,31.19,
1264,206,,,63,30.58,
1265,205,,,62,30.24,
1266,208,,,57,27.4,
1267,201,,,66,32.84,
1268,111,,,33,29.73,
1269,111,,,29,26.13,
1270,108,,,30,27.78,
1271,115,,,33,28.7,
1272,110,,,34,30.91,
1273,83,,,28,33.73,
1274,46,,,15,32.61,
1275,1902,,,569,29.92,
1276,146,,,140,95.89,
1277,130,,,123,94.62,
1278,124,,,117,94.35,
1279,94,,,82,87.23,
1280,494,,,462,93.52,
1281,102,,,96,94.12,
1282,93,,,90,96.77,
1283,104,,,95,91.35,
1284,107,,,95,88.79,
1285,101,,,93,92.08,
1286,102,,,92,90.2,
1287,83,,,80,96.39,
1288,85,,,80,94.12,
1289,67,,,62,92.54,
1290,844,,,783,92.77,
1291,91,,,85,93.41,
1292,98,,,93,94.9,
1293,95,,,91,95.79,
1294,103,,,101,98.06,
1295,101,,,97,96.04,
1296,94,,,89,94.68,
1297,91,,,89,97.8,
1298,87,,,85,97.7,
1299,85,,,81,95.29,
1300,845,,,811,95.98,
1301,105,,,33,31.43,
1302,103,,,34,33.01,
1303,102,,,34,33.33,
1304,105,,,39,37.14,
1305,152,,,49,32.24,
1306,150,,,51,34.0,
1307,152,,,66,43.42,
1308,149,,,55,36.91,
1309,146,,,71,48.63,
1310,144,,,61,42.36,
1311,1308,,,493,37.69,
1312,82,,,58,70.73,
1313,78,,,67,85.9,
1314,79,,,60,75.95,
1315,91,,,68,74.73,
1316,107,,,78,72.9,
1317,54,,,43,79.63,
1318,491,,,374,76.17,
1319,5,0.0,0.0,3,60.0,
1320,22,0.0,0.0,12,54.55,
1321,23,0.0,0.0,13,56.52,
1322,50,2.0,4.0,24,48.0,
1323,100,2.0,2.0,52,52.0,1.6
1324,11,0.0,0.0,11,100.0,
1325,38,2.0,5.26,35,92.11,
1326,39,1.0,2.56,37,94.87,
1327,38,0.0,0.0,38,100.0,
1328,126,3.0,2.38,121,96.03,0.0
1329,8,1.0,12.5,6,75.0,
1330,19,3.0,15.79,14,73.68,
1331,10,1.0,10.0,6,60.0,
1332,12,0.0,0.0,7,58.33,
1333,5,1.0,20.0,3,60.0,
1334,1,0.0,0.0,1,100.0,
1335,55,6.0,10.91,37,67.27,100.0
1336,3,0.0,0.0,3,100.0,
1337,17,1.0,5.88,9,52.94,
1338,178,25.0,14.04,86,48.31,
1339,198,26.0,13.13,98,49.49,2.42
1340,17,3.0,17.65,14,82.35,
1341,35,5.0,14.29,24,68.57,
1342,53,2.0,3.77,37,69.81,
1343,105,10.0,9.52,75,71.43,1.52
1344,132,5.0,3.79,117,88.64,
1345,113,5.0,4.42,100,88.5,
1346,84,1.0,1.19,77,91.67,
1347,65,1.0,1.54,60,92.31,
1348,394,12.0,3.05,354,89.85,100.0
1349,24,0.0,0.0,11,45.83,
1350,55,2.0,3.64,39,70.91,
1351,160,6.0,3.75,93,58.13,
1352,244,8.0,3.28,131,53.69,
1353,182,1.0,0.55,108,59.34,
1354,178,2.0,1.12,115,64.61,
1355,843,19.0,2.25,497,58.96,92.43
1356,215,5.0,2.33,191,88.84,
1357,195,5.0,2.56,178,91.28,
1358,177,3.0,1.69,157,88.7,
1359,187,2.0,1.07,166,88.77,
1360,774,15.0,1.94,692,89.41,100.0
1361,67,1.0,1.49,64,95.52,
1362,64,1.0,1.56,57,89.06,
1363,66,0.0,0.0,61,92.42,
1364,52,0.0,0.0,48,92.31,
1365,249,2.0,0.8,230,92.37,100.0
1366,35,0.0,0.0,35,100.0,
1367,30,0.0,0.0,30,100.0,
1368,44,0.0,0.0,41,93.18,
1369,25,0.0,0.0,23,92.0,
1370,41,1.0,2.44,39,95.12,
1371,29,0.0,0.0,25,86.21,
1372,26,0.0,0.0,25,96.15,
1373,38,0.0,0.0,37,97.37,
1374,39,0.0,0.0,38,97.44,
1375,307,1.0,0.33,293,95.44,100.0
1376,26,3.0,11.54,22,84.62,
1377,22,4.0,18.18,17,77.27,
1378,25,2.0,8.0,22,88.0,
1379,21,1.0,4.76,20,95.24,
1380,23,2.0,8.7,21,91.3,
1381,31,4.0,12.9,26,83.87,
1382,21,1.0,4.76,19,90.48,
1383,26,3.0,11.54,22,84.62,
1384,24,3.0,12.5,20,83.33,
1385,219,23.0,10.5,189,86.3,100.0
1386,16,1.0,6.25,13,81.25,
1387,29,1.0,3.45,23,79.31,
1388,39,1.0,2.56,36,92.31,
1389,40,0.0,0.0,34,85.0,
1390,23,0.0,0.0,23,100.0,
1391,35,0.0,0.0,31,88.57,
1392,35,0.0,0.0,31,88.57,
1393,44,0.0,0.0,44,100.0,
1394,48,0.0,0.0,44,91.67,
1395,309,3.0,0.97,279,90.29,100.0
1396,19,0.0,0.0,12,63.16,
1397,27,1.0,3.7,25,92.59,
1398,21,2.0,9.52,15,71.43,
1399,26,0.0,0.0,25,96.15,
1400,30,0.0,0.0,28,93.33,
1401,34,0.0,0.0,31,91.18,
1402,24,1.0,4.17,20,83.33,
1403,30,0.0,0.0,28,93.33,
1404,28,0.0,0.0,28,100.0,
1405,239,4.0,1.67,212,88.7,100.0
1406,26,1.0,3.85,26,100.0,
1407,39,1.0,2.56,37,94.87,
1408,23,1.0,4.35,21,91.3,
1409,37,0.0,0.0,33,89.19,
1410,40,2.0,5.0,38,95.0,
1411,31,0.0,0.0,29,93.55,
1412,27,0.0,0.0,26,96.3,
1413,29,0.0,0.0,29,100.0,
1414,35,1.0,2.86,32,91.43,
1415,287,6.0,2.09,271,94.43,100.0
1416,36,1.0,2.78,33,91.67,
1417,37,0.0,0.0,35,94.59,
1418,25,1.0,4.0,22,88.0,
1419,37,5.0,13.51,32,86.49,
1420,32,2.0,6.25,31,96.88,
1421,37,2.0,5.41,35,94.59,
1422,42,4.0,9.52,38,90.48,
1423,42,5.0,11.9,36,85.71,
1424,27,1.0,3.7,23,85.19,
1425,315,21.0,6.67,285,90.48,100.0
1426,23,0.0,0.0,22,95.65,
1427,23,0.0,0.0,19,82.61,
1428,34,2.0,5.88,30,88.24,
1429,36,1.0,2.78,32,88.89,
1430,31,0.0,0.0,25,80.65,
1431,32,0.0,0.0,29,90.63,
1432,79,0.0,0.0,69,87.34,
1433,72,0.0,0.0,61,84.72,
1434,62,0.0,0.0,58,93.55,
1435,392,3.0,0.77,345,88.01,100.0
1436,36,0.0,0.0,31,86.11,
1437,25,1.0,4.0,21,84.0,
1438,36,0.0,0.0,31,86.11,
1439,20,0.0,0.0,17,85.0,
1440,32,1.0,3.13,28,87.5,
1441,33,0.0,0.0,31,93.94,
1442,32,0.0,0.0,25,78.13,
1443,39,0.0,0.0,38,97.44,
1444,35,2.0,5.71,24,68.57,
1445,288,4.0,1.39,246,85.42,100.0
1446,19,0.0,0.0,18,94.74,
1447,28,1.0,3.57,26,92.86,
1448,24,1.0,4.17,22,91.67,
1449,23,0.0,0.0,20,86.96,
1450,30,0.0,0.0,30,100.0,
1451,26,0.0,0.0,23,88.46,
1452,24,0.0,0.0,24,100.0,
1453,17,0.0,0.0,15,88.24,
1454,24,1.0,4.17,22,91.67,
1455,215,3.0,1.4,200,93.02,100.0
1456,31,0.0,0.0,29,93.55,
1457,28,0.0,0.0,28,100.0,
1458,28,0.0,0.0,28,100.0,
1459,30,2.0,6.67,29,96.67,
1460,37,0.0,0.0,35,94.59,
1461,36,1.0,2.78,35,97.22,
1462,190,3.0,1.58,184,96.84,100.0
1463,37,2.0,5.41,34,91.89,
1464,31,1.0,3.23,28,90.32,
1465,45,1.0,2.22,43,95.56,
1466,32,0.0,0.0,29,90.63,
1467,39,0.0,0.0,38,97.44,
1468,37,0.0,0.0,36,97.3,
1469,38,0.0,0.0,36,94.74,
1470,32,0.0,0.0,31,96.88,
1471,23,0.0,0.0,22,95.65,
1472,314,4.0,1.27,297,94.59,100.0
1473,39,2.0,5.13,34,87.18,
1474,48,1.0,2.08,44,91.67,
1475,41,1.0,2.44,38,92.68,
1476,43,1.0,2.33,37,86.05,
1477,46,1.0,2.17,43,93.48,
1478,34,1.0,2.94,32,94.12,
1479,59,0.0,0.0,55,93.22,
1480,55,0.0,0.0,54,98.18,
1481,64,1.0,1.56,56,87.5,
1482,429,8.0,1.86,393,91.61,100.0
1483,25,0.0,0.0,21,84.0,
1484,30,0.0,0.0,24,80.0,
1485,40,1.0,2.5,35,87.5,
1486,47,0.0,0.0,42,89.36,
1487,49,2.0,4.08,40,81.63,
1488,48,2.0,4.17,40,83.33,
1489,239,5.0,2.09,202,84.52,100.0
1490,25,2.0,8.0,23,92.0,
1491,25,0.0,0.0,25,100.0,
1492,27,0.0,0.0,22,81.48,
1493,26,0.0,0.0,24,92.31,
1494,29,0.0,0.0,29,100.0,
1495,30,0.0,0.0,29,96.67,
1496,27,0.0,0.0,24,88.89,
1497,27,0.0,0.0,25,92.59,
1498,44,0.0,0.0,34,77.27,
1499,260,2.0,0.77,235,90.38,100.0
1500,62,2.0,3.23,56,90.32,
1501,62,2.0,3.23,55,88.71,
1502,58,1.0,1.72,54,93.1,
1503,63,2.0,3.17,57,90.48,
1504,74,1.0,1.35,70,94.59,
1505,68,1.0,1.47,64,94.12,
1506,69,2.0,2.9,66,95.65,
1507,39,0.0,0.0,39,100.0,
1508,44,3.0,6.82,42,95.45,
1509,539,14.0,2.6,503,93.32,18.7
1510,14,0.0,0.0,12,85.71,
1511,22,2.0,9.09,18,81.82,
1512,35,0.0,0.0,33,94.29,
1513,23,0.0,0.0,19,82.61,
1514,25,0.0,0.0,24,96.0,
1515,21,0.0,0.0,20,95.24,
1516,14,0.0,0.0,14,100.0,
1517,16,1.0,6.25,15,93.75,
1518,19,0.0,0.0,19,100.0,
1519,189,3.0,1.59,174,92.06,100.0
1520,27,0.0,0.0,23,85.19,
1521,30,1.0,3.33,26,86.67,
1522,30,0.0,0.0,26,86.67,
1523,19,0.0,0.0,19,100.0,
1524,18,0.0,0.0,16,88.89,
1525,32,2.0,6.25,30,93.75,
1526,22,0.0,0.0,19,86.36,
1527,18,1.0,5.56,17,94.44,
1528,26,0.0,0.0,24,92.31,
1529,222,4.0,1.8,200,90.09,100.0
1530,29,0.0,0.0,26,89.66,
1531,24,2.0,8.33,20,83.33,
1532,28,0.0,0.0,24,85.71,
1533,24,1.0,4.17,22,91.67,
1534,31,1.0,3.23,27,87.1,
1535,31,0.0,0.0,31,100.0,
1536,31,0.0,0.0,29,93.55,
1537,45,0.0,0.0,43,95.56,
1538,24,2.0,8.33,20,83.33,
1539,267,6.0,2.25,242,90.64,100.0
1540,224,67.0,29.91,64,28.57,
1541,263,68.0,25.86,88,33.46,
1542,212,61.0,28.77,66,31.13,
1543,198,61.0,30.81,53,26.77,
1544,897,257.0,28.65,271,30.21,100.0
1545,1,0.0,0.0,1,100.0,
1546,6,1.0,16.67,5,83.33,
1547,3,0.0,0.0,2,66.67,
1548,5,0.0,0.0,5,100.0,
1549,1,0.0,0.0,1,100.0,
1550,16,1.0,6.25,14,87.5,0.0
1551,111,10.0,9.01,68,61.26,
1552,85,11.0,12.94,53,62.35,
1553,66,10.0,15.15,42,63.64,
1554,58,6.0,10.34,39,67.24,
1555,320,37.0,11.56,202,63.13,100.0
1556,223,48.0,21.52,90,40.36,
1557,157,22.0,14.01,68,43.31,
1558,116,18.0,15.52,55,47.41,
1559,95,17.0,17.89,42,44.21,
1560,591,105.0,17.77,255,43.15,100.0
1561,30,0.0,0.0,27,90.0,
1562,64,0.0,0.0,60,93.75,
1563,59,0.0,0.0,53,89.83,
1564,66,1.0,1.52,62,93.94,
1565,219,1.0,0.46,202,92.24,100.0
1566,117,4.0,3.42,73,62.39,
1567,124,2.0,1.61,82,66.13,
1568,85,2.0,2.35,64,75.29,
1569,100,2.0,2.0,64,64.0,
1570,426,10.0,2.35,283,66.43,100.0
1571,19,1.0,5.26,17,89.47,
1572,46,2.0,4.35,43,93.48,
1573,58,1.0,1.72,50,86.21,
1574,44,5.0,11.36,40,90.91,
1575,167,9.0,5.39,150,89.82,100.0
1576,109,8.0,7.34,39,35.78,
1577,99,14.0,14.14,33,33.33,
1578,121,8.0,6.61,50,41.32,
1579,135,9.0,6.67,63,46.67,
1580,464,39.0,8.41,185,39.87,100.0
1581,40,0.0,0.0,9,22.5,
1582,48,3.0,6.25,16,33.33,
1583,47,6.0,12.77,13,27.66,
1584,75,3.0,4.0,32,42.67,
1585,73,4.0,5.48,28,38.36,
1586,88,6.0,6.82,37,42.05,
1587,59,3.0,5.08,25,42.37,
1588,430,25.0,5.81,160,37.21,100.0
1589,30,12.0,40.0,3,10.0,
1590,47,16.0,34.04,3,6.38,
1591,57,13.0,22.81,5,8.77,
1592,56,19.0,33.93,7,12.5,
1593,58,10.0,17.24,9,15.52,
1594,75,22.0,29.33,11,14.67,
1595,95,23.0,24.21,12,12.63,
1596,87,22.0,25.29,19,21.84,
1597,103,29.0,28.16,16,15.53,
1598,608,166.0,27.3,85,13.98,100.0
1599,91,4.0,4.4,83,91.21,
1600,84,1.0,1.19,71,84.52,
1601,68,0.0,0.0,61,89.71,
1602,62,2.0,3.23,58,93.55,
1603,305,7.0,2.3,273,89.51,1.05
1604,64,0.0,0.0,2,3.13,
1605,58,0.0,0.0,1,1.72,
1606,50,2.0,4.0,2,4.0,
1607,51,0.0,0.0,1,1.96,
1608,50,1.0,2.0,2,4.0,
1609,40,1.0,2.5,0,0.0,
1610,42,0.0,0.0,3,7.14,
1611,41,2.0,4.88,3,7.32,
1612,22,0.0,0.0,0,0.0,
1613,418,6.0,1.44,14,3.35,57.03
1614,21,2.0,9.52,3,14.29,
1615,33,2.0,6.06,5,15.15,
1616,25,2.0,8.0,7,28.0,
1617,33,4.0,12.12,6,18.18,
1618,31,3.0,9.68,10,32.26,
1619,38,3.0,7.89,6,15.79,
1620,44,4.0,9.09,9,20.45,
1621,39,3.0,7.69,10,25.64,
1622,42,6.0,14.29,5,11.9,
1623,306,29.0,9.48,61,19.93,100.0
1624,9,0.0,0.0,2,22.22,
1625,36,7.0,19.44,9,25.0,
1626,38,3.0,7.89,6,15.79,
1627,36,1.0,2.78,8,22.22,
1628,119,11.0,9.24,25,21.01,100.0
1629,18,1.0,5.56,15,83.33,
1630,22,1.0,4.55,18,81.82,
1631,23,1.0,4.35,16,69.57,
1632,28,2.0,7.14,23,82.14,
1633,34,2.0,5.88,31,91.18,
1634,23,1.0,4.35,20,86.96,
1635,32,3.0,9.38,28,87.5,
1636,25,0.0,0.0,22,88.0,
1637,26,2.0,7.69,24,92.31,
1638,231,13.0,5.63,197,85.28,100.0
1639,93,31.0,33.33,16,17.2,
1640,84,30.0,35.71,19,22.62,
1641,120,51.0,42.5,22,18.33,
1642,115,49.0,42.61,15,13.04,
1643,121,39.0,32.23,20,16.53,
1644,533,200.0,37.52,92,17.26,100.0
1645,77,1.0,1.3,9,11.69,
1646,78,5.0,6.41,6,7.69,
1647,69,1.0,1.45,8,11.59,
1648,57,2.0,3.51,5,8.77,
1649,65,1.0,1.54,7,10.77,
1650,47,1.0,2.13,7,14.89,
1651,393,11.0,2.8,42,10.69,80.61
1652,25,5.0,20.0,14,56.0,
1653,25,4.0,16.0,17,68.0,
1654,36,1.0,2.78,27,75.0,
1655,30,1.0,3.33,24,80.0,
1656,24,2.0,8.33,18,75.0,
1657,44,2.0,4.55,24,54.55,
1658,38,2.0,5.26,27,71.05,
1659,37,5.0,13.51,17,45.95,
1660,36,5.0,13.89,23,63.89,
1661,295,27.0,9.15,191,64.75,100.0
1662,24,3.0,12.5,5,20.83,
1663,29,6.0,20.69,6,20.69,
1664,28,7.0,25.0,5,17.86,
1665,38,5.0,13.16,11,28.95,
1666,52,9.0,17.31,11,21.15,
1667,45,9.0,20.0,7,15.56,
1668,50,5.0,10.0,10,20.0,
1669,56,5.0,8.93,16,28.57,
1670,61,4.0,6.56,16,26.23,
1671,383,53.0,13.84,87,22.72,100.0
1672,9,0.0,0.0,5,55.56,
1673,25,3.0,12.0,15,60.0,
1674,28,1.0,3.57,17,60.71,
1675,17,2.0,11.76,11,64.71,
1676,20,0.0,0.0,15,75.0,
1677,24,1.0,4.17,19,79.17,
1678,32,1.0,3.13,25,78.13,
1679,22,1.0,4.55,19,86.36,
1680,28,2.0,7.14,21,75.0,
1681,205,11.0,5.37,147,71.71,100.0
1682,32,5.0,15.63,17,53.13,
1683,28,5.0,17.86,8,28.57,
1684,42,5.0,11.9,18,42.86,
1685,28,4.0,14.29,16,57.14,
1686,40,3.0,7.5,15,37.5,
1687,28,4.0,14.29,11,39.29,
1688,37,3.0,8.11,15,40.54,
1689,32,4.0,12.5,15,46.88,
1690,40,3.0,7.5,21,52.5,
1691,307,36.0,11.73,136,44.3,100.0
1692,32,5.0,15.63,7,21.88,
1693,34,7.0,20.59,5,14.71,
1694,47,10.0,21.28,11,23.4,
1695,36,4.0,11.11,8,22.22,
1696,38,5.0,13.16,13,34.21,
1697,37,2.0,5.41,12,32.43,
1698,224,33.0,14.73,56,25.0,100.0
1699,28,3.0,10.71,5,17.86,
1700,31,6.0,19.35,5,16.13,
1701,39,9.0,23.08,6,15.38,
1702,36,7.0,19.44,10,27.78,
1703,39,8.0,20.51,8,20.51,
1704,43,13.0,30.23,9,20.93,
1705,51,11.0,21.57,12,23.53,
1706,47,14.0,29.79,15,31.91,
1707,48,9.0,18.75,14,29.17,
1708,362,80.0,22.1,84,23.2,100.0
1709,58,13.0,22.41,12,20.69,
1710,52,10.0,19.23,3,5.77,
1711,61,10.0,16.39,10,16.39,
1712,55,8.0,14.55,6,10.91,
1713,61,10.0,16.39,14,22.95,
1714,51,5.0,9.8,12,23.53,
1715,338,56.0,16.57,57,16.86,100.0
1716,26,7.0,26.92,4,15.38,
1717,28,7.0,25.0,2,7.14,
1718,29,11.0,37.93,3,10.34,
1719,22,3.0,13.64,1,4.55,
1720,28,7.0,25.0,4,14.29,
1721,133,35.0,26.32,14,10.53,100.0
1722,23,1.0,4.35,8,34.78,
1723,18,3.0,16.67,4,22.22,
1724,35,5.0,14.29,14,40.0,
1725,25,2.0,8.0,11,44.0,
1726,21,4.0,19.05,4,19.05,
1727,36,3.0,8.33,12,33.33,
1728,26,8.0,30.77,5,19.23,
1729,31,6.0,19.35,12,38.71,
1730,41,8.0,19.51,15,36.59,
1731,256,40.0,15.63,85,33.2,100.0
1732,77,5.0,6.49,21,27.27,
1733,60,7.0,11.67,21,35.0,
1734,71,1.0,1.41,20,28.17,
1735,208,13.0,6.25,62,29.81,100.0
1736,69,9.0,13.04,20,28.99,
1737,84,13.0,15.48,26,30.95,
1738,91,16.0,17.58,18,19.78,
1739,83,18.0,21.69,26,31.33,
1740,80,13.0,16.25,24,30.0,
1741,407,69.0,16.95,114,28.01,100.0
1742,42,13.0,30.95,9,21.43,
1743,65,17.0,26.15,10,15.38,
1744,61,18.0,29.51,8,13.11,
1745,68,10.0,14.71,14,20.59,
1746,63,12.0,19.05,13,20.63,
1747,49,13.0,26.53,5,10.2,
1748,348,83.0,23.85,59,16.95,100.0
1749,16,0.0,0.0,11,68.75,
1750,17,1.0,5.88,12,70.59,
1751,18,2.0,11.11,14,77.78,
1752,15,0.0,0.0,14,93.33,
1753,23,1.0,4.35,17,73.91,
1754,19,0.0,0.0,16,84.21,
1755,20,0.0,0.0,15,75.0,
1756,18,1.0,5.56,13,72.22,
1757,22,4.0,18.18,15,68.18,
1758,168,9.0,5.36,127,75.6,100.0
1759,56,27.0,48.21,8,14.29,
1760,55,26.0,47.27,18,32.73,
1761,67,24.0,35.82,11,16.42,
1762,49,15.0,30.61,14,28.57,
1763,55,21.0,38.18,11,20.0,
1764,55,19.0,34.55,13,23.64,
1765,337,132.0,39.17,75,22.26,100.0
1766,66,14.0,21.21,34,51.52,
1767,64,18.0,28.13,34,53.13,
1768,64,12.0,18.75,33,51.56,
1769,66,22.0,33.33,35,53.03,
1770,57,14.0,24.56,34,59.65,
1771,55,12.0,21.82,29,52.73,
1772,81,17.0,20.99,44,54.32,
1773,82,13.0,15.85,52,63.41,
1774,69,8.0,11.59,43,62.32,
1775,604,130.0,21.52,338,55.96,100.0
1776,164,20.0,12.2,67,40.85,
1777,133,20.0,15.04,44,33.08,
1778,111,25.0,22.52,33,29.73,
1779,95,13.0,13.68,27,28.42,
1780,503,78.0,15.51,171,34.0,100.0
1781,88,21.0,23.86,26,29.55,
1782,86,21.0,24.42,20,23.26,
1783,73,16.0,21.92,27,36.99,
1784,81,31.0,38.27,25,30.86,
1785,64,16.0,25.0,14,21.88,
1786,71,13.0,18.31,25,35.21,
1787,463,118.0,25.49,137,29.59,100.0
1788,115,22.0,19.13,19,16.52,
1789,115,29.0,25.22,17,14.78,
1790,108,25.0,23.15,23,21.3,
1791,114,29.0,25.44,17,14.91,
1792,452,105.0,23.23,76,16.81,100.0
1793,25,10.0,40.0,8,32.0,
1794,30,8.0,26.67,14,46.67,
1795,23,6.0,26.09,11,47.83,
1796,32,14.0,43.75,16,50.0,
1797,27,10.0,37.04,12,44.44,
1798,29,9.0,31.03,12,41.38,
1799,30,11.0,36.67,17,56.67,
1800,29,8.0,27.59,17,58.62,
1801,29,6.0,20.69,16,55.17,
1802,254,82.0,32.28,123,48.43,100.0
1803,92,18.0,19.57,19,20.65,
1804,147,33.0,22.45,29,19.73,
1805,147,40.0,27.21,32,21.77,
1806,154,49.0,31.82,20,12.99,
1807,540,140.0,25.93,100,18.52,100.0
1808,5,0.0,0.0,2,40.0,
1809,7,1.0,14.29,3,42.86,
1810,7,0.0,0.0,1,14.29,
1811,19,1.0,5.26,6,31.58,50.53
1812,71,10.0,14.08,22,30.99,
1813,84,8.0,9.52,29,34.52,
1814,96,8.0,8.33,33,34.38,
1815,76,10.0,13.16,23,30.26,
1816,80,6.0,7.5,23,28.75,
1817,64,6.0,9.38,13,20.31,
1818,471,48.0,10.19,143,30.36,100.0
1819,133,2.0,1.5,125,93.98,
1820,94,6.0,6.38,83,88.3,
1821,83,1.0,1.2,74,89.16,
1822,73,4.0,5.48,63,86.3,
1823,383,13.0,3.39,345,90.08,100.0
1824,70,2.0,2.86,56,80.0,
1825,41,1.0,2.44,32,78.05,
1826,54,3.0,5.56,36,66.67,
1827,39,1.0,2.56,30,76.92,
1828,204,7.0,3.43,154,75.49,100.0
1829,89,16.0,17.98,37,41.57,
1830,69,12.0,17.39,21,30.43,
1831,42,5.0,11.9,13,30.95,
1832,28,8.0,28.57,13,46.43,
1833,228,41.0,17.98,84,36.84,100.0
1834,48,11.0,22.92,5,10.42,
1835,50,16.0,32.0,9,18.0,
1836,58,17.0,29.31,8,13.79,
1837,57,19.0,33.33,5,8.77,
1838,57,14.0,24.56,4,7.02,
1839,70,18.0,25.71,8,11.43,
1840,59,16.0,27.12,9,15.25,
1841,65,20.0,30.77,9,13.85,
1842,60,10.0,16.67,9,15.0,
1843,524,141.0,26.91,66,12.6,100.0
1844,125,17.0,13.6,43,34.4,
1845,165,30.0,18.18,54,32.73,
1846,104,18.0,17.31,29,27.88,
1847,83,14.0,16.87,23,27.71,
1848,477,79.0,16.56,149,31.24,100.0
1849,554,39.0,7.04,99,17.87,
1850,598,18.0,3.01,182,30.43,
1851,576,5.0,0.87,120,20.83,
1852,560,2.0,0.36,88,15.71,
1853,2288,64.0,2.8,489,21.37,86.5
1854,139,7.0,5.04,108,77.7,
1855,204,2.0,0.98,172,84.31,
1856,162,4.0,2.47,140,86.42,
1857,128,6.0,4.69,99,77.34,
1858,633,19.0,3.0,519,81.99,100.0
1859,67,1.0,1.49,45,67.16,
1860,118,0.0,0.0,71,60.17,
1861,117,2.0,1.71,72,61.54,
1862,112,3.0,2.68,78,69.64,
1863,414,6.0,1.45,266,64.25,100.0
1864,88,9.0,10.23,53,60.23,
1865,232,14.0,6.03,155,66.81,
1866,185,7.0,3.78,130,70.27,
1867,219,9.0,4.11,151,68.95,
1868,724,39.0,5.39,489,67.54,100.0
1869,174,2.0,1.15,160,91.95,
1870,138,0.0,0.0,128,92.75,
1871,104,4.0,3.85,90,86.54,
1872,122,7.0,5.74,114,93.44,
1873,538,13.0,2.42,492,91.45,100.0
1874,178,8.0,4.49,145,81.46,
1875,75,1.0,1.33,62,82.67,
1876,95,4.0,4.21,77,81.05,
1877,88,2.0,2.27,72,81.82,
1878,436,15.0,3.44,356,81.65,100.0
1879,33,1.0,3.03,29,87.88,
1880,38,0.0,0.0,34,89.47,
1881,40,1.0,2.5,36,90.0,
1882,26,0.0,0.0,22,84.62,
1883,33,0.0,0.0,31,93.94,
1884,41,1.0,2.44,36,87.8,
1885,37,0.0,0.0,36,97.3,
1886,48,0.0,0.0,45,93.75,
1887,40,0.0,0.0,35,87.5,
1888,336,3.0,0.89,304,90.48,100.0
1889,28,1.0,3.57,27,96.43,
1890,30,0.0,0.0,28,93.33,
1891,41,0.0,0.0,37,90.24,
1892,51,0.0,0.0,48,94.12,
1893,45,0.0,0.0,43,95.56,
1894,46,0.0,0.0,44,95.65,
1895,40,2.0,5.0,39,97.5,
1896,41,0.0,0.0,40,97.56,
1897,44,0.0,0.0,44,100.0,
1898,366,3.0,0.82,350,95.63,100.0
1899,52,1.0,1.92,40,76.92,
1900,49,1.0,2.04,45,91.84,
1901,42,0.0,0.0,37,88.1,
1902,37,0.0,0.0,32,86.49,
1903,57,0.0,0.0,50,87.72,
1904,59,2.0,3.39,50,84.75,
1905,296,4.0,1.35,254,85.81,100.0
1906,10,0.0,0.0,10,100.0,
1907,9,0.0,0.0,9,100.0,
1908,14,0.0,0.0,14,100.0,
1909,15,0.0,0.0,15,100.0,
1910,19,0.0,0.0,19,100.0,
1911,28,0.0,0.0,28,100.0,
1912,34,1.0,2.94,27,79.41,
1913,29,1.0,3.45,27,93.1,
1914,19,0.0,0.0,19,100.0,
1915,177,2.0,1.13,168,94.92,100.0
1916,35,0.0,0.0,16,45.71,
1917,68,0.0,0.0,21,30.88,
1918,66,0.0,0.0,24,36.36,
1919,59,0.0,0.0,24,40.68,
1920,69,1.0,1.45,32,46.38,
1921,58,0.0,0.0,24,41.38,
1922,46,0.0,0.0,31,67.39,
1923,51,0.0,0.0,33,64.71,
1924,44,0.0,0.0,26,59.09,
1925,496,1.0,0.2,231,46.57,59.35
1926,58,0.0,0.0,25,43.1,
1927,50,2.0,4.0,27,54.0,
1928,43,0.0,0.0,20,46.51,
1929,37,0.0,0.0,22,59.46,
1930,54,0.0,0.0,36,66.67,
1931,31,0.0,0.0,24,77.42,
1932,55,0.0,0.0,51,92.73,
1933,57,0.0,0.0,56,98.25,
1934,34,0.0,0.0,32,94.12,
1935,419,2.0,0.48,293,69.93,79.43
1936,32,4.0,12.5,21,65.63,
1937,46,1.0,2.17,29,63.04,
1938,57,3.0,5.26,39,68.42,
1939,35,1.0,2.86,28,80.0,
1940,53,0.0,0.0,44,83.02,
1941,48,0.0,0.0,40,83.33,
1942,48,1.0,2.08,40,83.33,
1943,37,0.0,0.0,34,91.89,
1944,29,0.0,0.0,27,93.1,
1945,385,10.0,2.6,302,78.44,86.86
1946,30,0.0,0.0,24,80.0,
1947,46,1.0,2.17,38,82.61,
1948,42,2.0,4.76,37,88.1,
1949,28,0.0,0.0,23,82.14,
1950,43,0.0,0.0,37,86.05,
1951,38,2.0,5.26,32,84.21,
1952,227,5.0,2.2,191,84.14,100.0
1953,25,0.0,0.0,23,92.0,
1954,14,0.0,0.0,13,92.86,
1955,25,0.0,0.0,23,92.0,
1956,22,0.0,0.0,21,95.45,
1957,19,0.0,0.0,19,100.0,
1958,27,1.0,3.7,26,96.3,
1959,32,1.0,3.13,30,93.75,
1960,41,0.0,0.0,41,100.0,
1961,44,1.0,2.27,41,93.18,
1962,249,3.0,1.2,237,95.18,100.0
1963,53,1.0,1.89,24,45.28,
1964,53,1.0,1.89,22,41.51,
1965,48,0.0,0.0,30,62.5,
1966,37,0.0,0.0,23,62.16,
1967,46,1.0,2.17,27,58.7,
1968,36,0.0,0.0,27,75.0,
1969,28,0.0,0.0,21,75.0,
1970,31,0.0,0.0,23,74.19,
1971,27,0.0,0.0,23,85.19,
1972,359,3.0,0.84,220,61.28,89.58
1973,41,1.0,2.44,39,95.12,
1974,53,0.0,0.0,48,90.57,
1975,40,1.0,2.5,34,85.0,
1976,57,1.0,1.75,48,84.21,
1977,52,0.0,0.0,49,94.23,
1978,38,0.0,0.0,35,92.11,
1979,281,3.0,1.07,253,90.04,100.0
1980,35,1.0,2.86,31,88.57,
1981,37,4.0,10.81,35,94.59,
1982,44,1.0,2.27,39,88.64,
1983,42,1.0,2.38,38,90.48,
1984,35,1.0,2.86,33,94.29,
1985,32,1.0,3.13,29,90.63,
1986,22,1.0,4.55,20,90.91,
1987,34,1.0,2.94,32,94.12,
1988,34,1.0,2.94,31,91.18,
1989,315,12.0,3.81,288,91.43,100.0
1990,32,0.0,0.0,30,93.75,
1991,46,0.0,0.0,40,86.96,
1992,36,0.0,0.0,33,91.67,
1993,28,0.0,0.0,26,92.86,
1994,36,1.0,2.78,31,86.11,
1995,42,0.0,0.0,38,90.48,
1996,67,0.0,0.0,61,91.04,
1997,80,1.0,1.25,72,90.0,
1998,73,0.0,0.0,69,94.52,
1999,440,2.0,0.45,400,90.91,100.0
2000,51,3.0,5.88,20,39.22,
2001,43,4.0,9.3,16,37.21,
2002,57,3.0,5.26,21,36.84,
2003,46,3.0,6.52,20,43.48,
2004,41,3.0,7.32,25,60.98,
2005,43,2.0,4.65,20,46.51,
2006,49,0.0,0.0,27,55.1,
2007,46,2.0,4.35,25,54.35,
2008,25,3.0,12.0,16,64.0,
2009,401,23.0,5.74,190,47.38,82.19
2010,31,1.0,3.23,25,80.65,
2011,30,1.0,3.33,27,90.0,
2012,37,3.0,8.11,32,86.49,
2013,31,0.0,0.0,28,90.32,
2014,42,1.0,2.38,39,92.86,
2015,41,0.0,0.0,38,92.68,
2016,30,0.0,0.0,24,80.0,
2017,41,1.0,2.44,37,90.24,
2018,41,0.0,0.0,39,95.12,
2019,324,7.0,2.16,289,89.2,100.0
2020,4,1.0,25.0,1,25.0,
2021,6,1.0,16.67,2,33.33,
2022,3,0.0,0.0,2,66.67,
2023,4,0.0,0.0,1,25.0,
2024,15,1.0,6.67,8,53.33,
2025,8,0.0,0.0,4,50.0,
2026,12,0.0,0.0,6,50.0,
2027,10,0.0,0.0,6,60.0,
2028,9,2.0,22.22,5,55.56,
2029,10,2.0,20.0,4,40.0,
2030,4,0.0,0.0,1,25.0,
2031,12,1.0,8.33,4,33.33,
2032,40,1.0,2.5,19,47.5,
2033,137,9.0,6.57,63,45.99,100.0
2034,42,1.0,2.38,12,28.57,
2035,46,3.0,6.52,8,17.39,
2036,52,1.0,1.92,15,28.85,
2037,47,3.0,6.38,14,29.79,
2038,38,0.0,0.0,13,34.21,
2039,43,2.0,4.65,17,39.53,
2040,39,3.0,7.69,13,33.33,
2041,50,4.0,8.0,22,44.0,
2042,39,0.0,0.0,20,51.28,
2043,396,17.0,4.29,134,33.84,80.4
2044,46,1.0,2.17,28,60.87,
2045,41,1.0,2.44,24,58.54,
2046,22,1.0,4.55,17,77.27,
2047,45,3.0,6.67,29,64.44,
2048,33,2.0,6.06,23,69.7,
2049,32,1.0,3.13,28,87.5,
2050,36,4.0,11.11,30,83.33,
2051,37,3.0,8.11,34,91.89,
2052,40,3.0,7.5,36,90.0,
2053,332,19.0,5.72,249,75.0,100.0
2054,29,0.0,0.0,7,24.14,
2055,32,0.0,0.0,10,31.25,
2056,22,0.0,0.0,5,22.73,
2057,31,1.0,3.23,6,19.35,
2058,13,0.0,0.0,6,46.15,
2059,29,0.0,0.0,11,37.93,
2060,26,0.0,0.0,6,23.08,
2061,22,0.0,0.0,8,36.36,
2062,26,0.0,0.0,11,42.31,
2063,230,1.0,0.43,70,30.43,70.26
2064,55,0.0,0.0,46,83.64,
2065,76,2.0,2.63,68,89.47,
2066,63,1.0,1.59,56,88.89,
2067,59,2.0,3.39,52,88.14,
2068,89,1.0,1.12,76,85.39,
2069,100,0.0,0.0,82,82.0,
2070,143,8.0,5.59,103,72.03,
2071,585,14.0,2.39,483,82.56,100.0
2072,60,0.0,0.0,51,85.0,
2073,50,0.0,0.0,44,88.0,
2074,66,0.0,0.0,58,87.88,
2075,60,0.0,0.0,54,90.0,
2076,59,0.0,0.0,57,96.61,
2077,57,0.0,0.0,54,94.74,
2078,352,0.0,0.0,318,90.34,100.0
2079,24,0.0,0.0,17,70.83,
2080,57,1.0,1.75,46,80.7,
2081,53,0.0,0.0,47,88.68,
2082,134,1.0,0.75,110,82.09,100.0
2083,31,0.0,0.0,28,90.32,
2084,82,1.0,1.22,72,87.8,
2085,57,0.0,0.0,50,87.72,
2086,91,1.0,1.1,84,92.31,
2087,261,2.0,0.77,234,89.66,100.0
2088,203,43.0,21.18,86,42.36,
2089,268,84.0,31.34,102,38.06,
2090,207,57.0,27.54,90,43.48,
2091,183,53.0,28.96,69,37.7,
2092,861,237.0,27.53,347,40.3,100.0
2093,311,119.0,38.26,117,37.62,
2094,311,127.0,40.84,116,37.3,
2095,345,115.0,33.33,130,37.68,
2096,248,80.0,32.26,88,35.48,
2097,1215,441.0,36.3,451,37.12,100.0
2098,5,1.0,20.0,2,40.0,
2099,8,1.0,12.5,6,75.0,
2100,9,0.0,0.0,7,77.78,
2101,22,2.0,9.09,15,68.18,50.91
2102,39,2.0,5.13,35,89.74,
2103,36,3.0,8.33,29,80.56,
2104,44,3.0,6.82,36,81.82,
2105,33,2.0,6.06,27,81.82,
2106,41,3.0,7.32,34,82.93,
2107,44,4.0,9.09,36,81.82,
2108,51,6.0,11.76,38,74.51,
2109,49,3.0,6.12,42,85.71,
2110,60,6.0,10.0,46,76.67,
2111,397,32.0,8.06,323,81.36,100.0
2112,192,32.0,16.67,95,49.48,
2113,185,45.0,24.32,86,46.49,
2114,226,62.0,27.43,101,44.69,
2115,603,139.0,23.05,282,46.77,100.0
2116,354,141.0,39.83,127,35.88,
2117,360,163.0,45.28,132,36.67,
2118,278,111.0,39.93,112,40.29,
2119,246,92.0,37.4,104,42.28,
2120,1238,507.0,40.95,475,38.37,100.0
2121,86,1.0,1.16,81,94.19,
2122,113,1.0,0.88,105,92.92,
2123,105,7.0,6.67,97,92.38,
2124,304,9.0,2.96,283,93.09,100.0
2125,86,31.0,36.05,8,9.3,
2126,81,29.0,35.8,8,9.88,
2127,97,23.0,23.71,10,10.31,
2128,96,38.0,39.58,5,5.21,
2129,100,33.0,33.0,10,10.0,
2130,99,29.0,29.29,10,10.1,
2131,111,25.0,22.52,10,9.01,
2132,91,32.0,35.16,18,19.78,
2133,105,31.0,29.52,9,8.57,
2134,866,271.0,31.29,88,10.16,100.0
2135,164,61.0,37.2,26,15.85,
2136,170,70.0,41.18,33,19.41,
2137,172,64.0,37.21,33,19.19,
2138,506,195.0,38.54,92,18.18,93.28
2139,94,34.0,36.17,43,45.74,
2140,113,49.0,43.36,41,36.28,
2141,127,40.0,31.5,60,47.24,
2142,114,48.0,42.11,50,43.86,
2143,100,30.0,30.0,51,51.0,
2144,95,34.0,35.79,48,50.53,
2145,643,235.0,36.55,293,45.57,100.0
2146,40,1.0,2.5,38,95.0,
2147,42,2.0,4.76,36,85.71,
2148,36,0.0,0.0,32,88.89,
2149,42,2.0,4.76,39,92.86,
2150,56,1.0,1.79,50,89.29,
2151,55,2.0,3.64,46,83.64,
2152,271,8.0,2.95,241,88.93,100.0
2153,64,7.0,10.94,36,56.25,
2154,57,6.0,10.53,37,64.91,
2155,55,9.0,16.36,38,69.09,
2156,63,6.0,9.52,42,66.67,
2157,70,8.0,11.43,52,74.29,
2158,74,7.0,9.46,57,77.03,
2159,85,10.0,11.76,58,68.24,
2160,74,5.0,6.76,49,66.22,
2161,90,10.0,11.11,64,71.11,
2162,632,68.0,10.76,433,68.51,100.0
2163,55,18.0,32.73,29,52.73,
2164,63,28.0,44.44,23,36.51,
2165,67,14.0,20.9,41,61.19,
2166,76,20.0,26.32,39,51.32,
2167,60,18.0,30.0,34,56.67,
2168,62,18.0,29.03,35,56.45,
2169,78,17.0,21.79,34,43.59,
2170,64,22.0,34.38,32,50.0,
2171,68,16.0,23.53,35,51.47,
2172,593,171.0,28.84,302,50.93,100.0
2173,31,4.0,12.9,14,45.16,
2174,34,5.0,14.71,18,52.94,
2175,49,9.0,18.37,21,42.86,
2176,45,5.0,11.11,24,53.33,
2177,46,6.0,13.04,16,34.78,
2178,53,6.0,11.32,31,58.49,
2179,59,9.0,15.25,31,52.54,
2180,31,3.0,9.68,14,45.16,
2181,38,3.0,7.89,22,57.89,
2182,386,50.0,12.95,191,49.48,100.0
2183,40,14.0,35.0,6,15.0,
2184,56,14.0,25.0,11,19.64,
2185,76,23.0,30.26,12,15.79,
2186,60,21.0,35.0,9,15.0,
2187,74,15.0,20.27,12,16.22,
2188,68,20.0,29.41,15,22.06,
2189,78,19.0,24.36,20,25.64,
2190,65,19.0,29.23,12,18.46,
2191,90,23.0,25.56,22,24.44,
2192,607,168.0,27.68,119,19.6,100.0
2193,166,65.0,39.16,36,21.69,
2194,169,46.0,27.22,25,14.79,
2195,167,49.0,29.34,35,20.96,
2196,502,160.0,31.87,96,19.12,100.0
2197,34,5.0,14.71,29,85.29,
2198,38,2.0,5.26,32,84.21,
2199,35,4.0,11.43,32,91.43,
2200,41,3.0,7.32,35,85.37,
2201,31,1.0,3.23,29,93.55,
2202,31,1.0,3.23,28,90.32,
2203,210,16.0,7.62,185,88.1,100.0
2204,90,16.0,17.78,30,33.33,
2205,99,24.0,24.24,29,29.29,
2206,101,18.0,17.82,32,31.68,
2207,84,12.0,14.29,31,36.9,
2208,80,12.0,15.0,28,35.0,
2209,76,16.0,21.05,30,39.47,
2210,530,98.0,18.49,180,33.96,100.0
2211,103,19.0,18.45,68,66.02,
2212,110,19.0,17.27,63,57.27,
2213,99,22.0,22.22,60,60.61,
2214,87,14.0,16.09,53,60.92,
2215,86,12.0,13.95,59,68.6,
2216,485,86.0,17.73,303,62.47,100.0
2217,44,2.0,4.55,22,50.0,
2218,40,5.0,12.5,20,50.0,
2219,37,4.0,10.81,16,43.24,
2220,37,5.0,13.51,20,54.05,
2221,43,4.0,9.3,22,51.16,
2222,37,5.0,13.51,23,62.16,
2223,238,25.0,10.5,123,51.68,100.0
2224,74,17.0,22.97,45,60.81,
2225,138,24.0,17.39,97,70.29,
2226,108,20.0,18.52,73,67.59,
2227,109,18.0,16.51,65,59.63,
2228,429,79.0,18.41,280,65.27,100.0
2229,63,24.0,38.1,21,33.33,
2230,71,31.0,43.66,15,21.13,
2231,78,25.0,32.05,22,28.21,
2232,67,25.0,37.31,23,34.33,
2233,66,14.0,21.21,16,24.24,
2234,74,16.0,21.62,26,35.14,
2235,419,135.0,32.22,123,29.36,100.0
2236,42,5.0,11.9,20,47.62,
2237,61,11.0,18.03,25,40.98,
2238,51,12.0,23.53,24,47.06,
2239,56,19.0,33.93,27,48.21,
2240,53,11.0,20.75,25,47.17,
2241,67,15.0,22.39,32,47.76,
2242,66,8.0,12.12,43,65.15,
2243,66,13.0,19.7,33,50.0,
2244,67,13.0,19.4,37,55.22,
2245,529,107.0,20.23,266,50.28,100.0
2246,57,15.0,26.32,27,47.37,
2247,73,16.0,21.92,33,45.21,
2248,76,26.0,34.21,29,38.16,
2249,82,42.0,51.22,32,39.02,
2250,64,21.0,32.81,21,32.81,
2251,79,26.0,32.91,41,51.9,
2252,89,30.0,33.71,31,34.83,
2253,76,26.0,34.21,31,40.79,
2254,98,22.0,22.45,43,43.88,
2255,694,224.0,32.28,288,41.5,100.0
2256,56,6.0,10.71,16,28.57,
2257,68,10.0,14.71,31,45.59,
2258,64,6.0,9.38,26,40.63,
2259,62,16.0,25.81,30,48.39,
2260,60,8.0,13.33,29,48.33,
2261,75,13.0,17.33,33,44.0,
2262,385,59.0,15.32,165,42.86,100.0
2263,56,13.0,23.21,12,21.43,
2264,77,28.0,36.36,10,12.99,
2265,71,24.0,33.8,11,15.49,
2266,66,22.0,33.33,7,10.61,
2267,66,22.0,33.33,8,12.12,
2268,51,18.0,35.29,6,11.76,
2269,387,127.0,32.82,54,13.95,100.0
2270,53,19.0,35.85,18,33.96,
2271,58,17.0,29.31,25,43.1,
2272,66,24.0,36.36,17,25.76,
2273,46,17.0,36.96,17,36.96,
2274,46,13.0,28.26,17,36.96,
2275,46,17.0,36.96,15,32.61,
2276,62,14.0,22.58,20,32.26,
2277,70,22.0,31.43,22,31.43,
2278,67,15.0,22.39,27,40.3,
2279,514,158.0,30.74,178,34.63,100.0
2280,36,1.0,2.78,2,5.56,
2281,61,3.0,4.92,2,3.28,
2282,67,2.0,2.99,1,1.49,
2283,44,2.0,4.55,1,2.27,
2284,58,0.0,0.0,1,1.72,
2285,69,3.0,4.35,1,1.45,
2286,67,1.0,1.49,5,7.46,
2287,68,1.0,1.47,5,7.35,
2288,77,3.0,3.9,3,3.9,
2289,547,16.0,2.93,21,3.84,100.0
2290,48,2.0,4.17,43,89.58,
2291,60,0.0,0.0,58,96.67,
2292,53,0.0,0.0,51,96.23,
2293,43,0.0,0.0,38,88.37,
2294,72,0.0,0.0,70,97.22,
2295,64,1.0,1.56,59,92.19,
2296,340,3.0,0.88,319,93.82,100.0
2297,199,53.0,26.63,41,20.6,
2298,178,55.0,30.9,48,26.97,
2299,178,58.0,32.58,48,26.97,
2300,555,166.0,29.91,137,24.68,100.0
2301,39,3.0,7.69,24,61.54,
2302,42,5.0,11.9,28,66.67,
2303,66,11.0,16.67,48,72.73,
2304,45,4.0,8.89,33,73.33,
2305,47,2.0,4.26,35,74.47,
2306,43,2.0,4.65,35,81.4,
2307,45,4.0,8.89,35,77.78,
2308,51,6.0,11.76,36,70.59,
2309,49,4.0,8.16,36,73.47,
2310,427,41.0,9.6,310,72.6,100.0
2311,38,3.0,7.89,36,94.74,
2312,49,2.0,4.08,43,87.76,
2313,45,3.0,6.67,39,86.67,
2314,53,1.0,1.89,48,90.57,
2315,68,1.0,1.47,62,91.18,
2316,61,0.0,0.0,57,93.44,
2317,314,10.0,3.18,285,90.76,100.0
2318,62,9.0,14.52,28,45.16,
2319,79,27.0,34.18,25,31.65,
2320,66,27.0,40.91,16,24.24,
2321,207,63.0,30.43,69,33.33,100.0
2322,800,292.0,36.5,276,34.5,
2323,512,195.0,38.09,144,28.13,
2324,478,166.0,34.73,150,31.38,
2325,385,108.0,28.05,130,33.77,
2326,2175,761.0,34.99,700,32.18,100.0
2327,950,361.0,38.0,223,23.47,
2328,1015,369.0,36.35,249,24.53,
2329,603,185.0,30.68,147,24.38,
2330,703,218.0,31.01,167,23.76,
2331,3271,1133.0,34.64,786,24.03,100.0
2332,568,178.0,31.34,195,34.33,
2333,490,182.0,37.14,145,29.59,
2334,463,174.0,37.58,131,28.29,
2335,384,127.0,33.07,100,26.04,
2336,1905,661.0,34.7,571,29.97,100.0
2337,152,12.0,7.89,39,25.66,
2338,147,9.0,6.12,30,20.41,
2339,140,8.0,5.71,36,25.71,
2340,144,2.0,1.39,30,20.83,
2341,583,31.0,5.32,135,23.16,81.78
2342,5,0.0,0.0,4,80.0,
2343,62,2.0,3.23,53,85.48,
2344,38,0.0,0.0,33,86.84,
2345,48,1.0,2.08,43,89.58,
2346,153,3.0,1.96,133,86.93,100.0
2347,20,0.0,0.0,19,95.0,
2348,33,0.0,0.0,30,90.91,
2349,21,0.0,0.0,17,80.95,
2350,134,1.0,0.75,125,93.28,
2351,208,1.0,0.48,191,91.83,100.0
2352,247,44.0,17.81,64,25.91,
2353,191,46.0,24.08,41,21.47,
2354,192,13.0,6.77,39,20.31,
2355,215,14.0,6.51,45,20.93,
2356,845,117.0,13.85,189,22.37,100.0
2357,3,0.0,0.0,2,66.67,
2358,20,0.0,0.0,15,75.0,
2359,15,0.0,0.0,11,73.33,
2360,29,0.0,0.0,21,72.41,
2361,67,0.0,0.0,49,73.13,0.0
2362,456,189.0,41.45,107,23.46,
2363,430,196.0,45.58,100,23.26,
2364,387,161.0,41.6,88,22.74,
2365,1273,546.0,42.89,295,23.17,100.0
2366,161,76.0,47.2,14,8.7,
2367,169,75.0,44.38,20,11.83,
2368,152,68.0,44.74,20,13.16,
2369,152,87.0,57.24,25,16.45,
2370,153,63.0,41.18,26,16.99,
2371,168,72.0,42.86,29,17.26,
2372,267,93.0,34.83,67,25.09,
2373,281,77.0,27.4,72,25.62,
2374,260,87.0,33.46,72,27.69,
2375,1763,698.0,39.59,345,19.57,100.0
2376,501,155.0,30.94,52,10.38,
2377,499,147.0,29.46,80,16.03,
2378,516,189.0,36.63,60,11.63,
2379,1516,491.0,32.39,192,12.66,100.0
2380,60,3.0,5.0,24,40.0,
2381,82,7.0,8.54,32,39.02,
2382,82,4.0,4.88,36,43.9,
2383,37,5.0,13.51,16,43.24,
2384,261,19.0,7.28,108,41.38,0.61
2385,86,37.0,43.02,16,18.6,
2386,95,51.0,53.68,12,12.63,
2387,110,50.0,45.45,20,18.18,
2388,112,61.0,54.46,24,21.43,
2389,115,58.0,50.43,20,17.39,
2390,99,45.0,45.45,20,20.2,
2391,106,35.0,33.02,33,31.13,
2392,98,32.0,32.65,23,23.47,
2393,96,43.0,44.79,24,25.0,
2394,917,412.0,44.93,192,20.94,100.0
2395,56,13.0,23.21,17,30.36,
2396,54,12.0,22.22,14,25.93,
2397,41,10.0,24.39,15,36.59,
2398,48,7.0,14.58,17,35.42,
2399,50,8.0,16.0,17,34.0,
2400,50,4.0,8.0,19,38.0,
2401,42,8.0,19.05,17,40.48,
2402,47,9.0,19.15,17,36.17,
2403,58,17.0,29.31,20,34.48,
2404,446,88.0,19.73,153,34.3,100.0
2405,61,12.0,19.67,25,40.98,
2406,54,10.0,18.52,17,31.48,
2407,59,10.0,16.95,23,38.98,
2408,42,9.0,21.43,8,19.05,
2409,54,17.0,31.48,17,31.48,
2410,49,13.0,26.53,23,46.94,
2411,319,71.0,22.26,113,35.42,100.0
2412,76,18.0,23.68,23,30.26,
2413,98,34.0,34.69,22,22.45,
2414,69,22.0,31.88,22,31.88,
2415,91,23.0,25.27,25,27.47,
2416,76,24.0,31.58,28,36.84,
2417,73,18.0,24.66,19,26.03,
2418,93,22.0,23.66,36,38.71,
2419,87,25.0,28.74,37,42.53,
2420,74,36.0,48.65,17,22.97,
2421,737,222.0,30.12,229,31.07,100.0
2422,116,39.0,33.62,22,18.97,
2423,141,52.0,36.88,28,19.86,
2424,122,27.0,22.13,36,29.51,
2425,140,49.0,35.0,37,26.43,
2426,129,38.0,29.46,40,31.01,
2427,140,30.0,21.43,44,31.43,
2428,788,235.0,29.82,207,26.27,100.0
2429,85,8.0,9.41,22,25.88,
2430,75,16.0,21.33,17,22.67,
2431,80,16.0,20.0,15,18.75,
2432,77,20.0,25.97,18,23.38,
2433,77,8.0,10.39,21,27.27,
2434,78,17.0,21.79,18,23.08,
2435,472,85.0,18.01,111,23.52,91.19
2436,82,18.0,21.95,20,24.39,
2437,96,22.0,22.92,17,17.71,
2438,87,22.0,25.29,19,21.84,
2439,72,27.0,37.5,8,11.11,
2440,74,21.0,28.38,14,18.92,
2441,78,20.0,25.64,13,16.67,
2442,79,19.0,24.05,15,18.99,
2443,80,15.0,18.75,16,20.0,
2444,90,27.0,30.0,20,22.22,
2445,738,191.0,25.88,142,19.24,100.0
2446,177,121.0,68.36,9,5.08,
2447,168,112.0,66.67,10,5.95,
2448,185,112.0,60.54,17,9.19,
2449,199,150.0,75.38,7,3.52,
2450,165,90.0,54.55,12,7.27,
2451,191,98.0,51.31,20,10.47,
2452,193,100.0,51.81,13,6.74,
2453,189,92.0,48.68,11,5.82,
2454,224,103.0,45.98,23,10.27,
2455,1691,978.0,57.84,122,7.21,94.15
2456,168,82.0,48.81,44,26.19,
2457,194,64.0,32.99,55,28.35,
2458,200,88.0,44.0,59,29.5,
2459,208,90.0,43.27,56,26.92,
2460,177,67.0,37.85,47,26.55,
2461,192,58.0,30.21,62,32.29,
2462,1139,449.0,39.42,323,28.36,100.0
2463,193,129.0,66.84,20,10.36,
2464,225,139.0,61.78,35,15.56,
2465,211,141.0,66.82,29,13.74,
2466,222,150.0,67.57,31,13.96,
2467,222,134.0,60.36,24,10.81,
2468,206,111.0,53.88,26,12.62,
2469,1279,804.0,62.86,165,12.9,93.07
2470,130,68.0,52.31,30,23.08,
2471,131,57.0,43.51,31,23.66,
2472,161,63.0,39.13,53,32.92,
2473,137,52.0,37.96,45,32.85,
2474,123,58.0,47.15,29,23.58,
2475,139,52.0,37.41,47,33.81,
2476,146,49.0,33.56,52,35.62,
2477,135,55.0,40.74,41,30.37,
2478,140,44.0,31.43,50,35.71,
2479,1242,498.0,40.1,378,30.43,100.0
2480,90,31.0,34.44,19,21.11,
2481,117,43.0,36.75,22,18.8,
2482,113,63.0,55.75,11,9.73,
2483,105,52.0,49.52,17,16.19,
2484,114,57.0,50.0,20,17.54,
2485,89,40.0,44.94,13,14.61,
2486,628,286.0,45.54,102,16.24,100.0
2487,96,33.0,34.38,10,10.42,
2488,106,60.0,56.6,3,2.83,
2489,105,46.0,43.81,11,10.48,
2490,96,48.0,50.0,5,5.21,
2491,91,40.0,43.96,12,13.19,
2492,93,36.0,38.71,11,11.83,
2493,587,263.0,44.8,52,8.86,91.58
2494,119,51.0,42.86,19,15.97,
2495,127,64.0,50.39,14,11.02,
2496,123,55.0,44.72,19,15.45,
2497,117,65.0,55.56,16,13.68,
2498,131,55.0,41.98,21,16.03,
2499,132,52.0,39.39,24,18.18,
2500,134,56.0,41.79,18,13.43,
2501,127,43.0,33.86,26,20.47,
2502,140,55.0,39.29,29,20.71,
2503,1150,496.0,43.13,186,16.17,98.64
2504,89,14.0,15.73,19,21.35,
2505,99,15.0,15.15,24,24.24,
2506,98,19.0,19.39,25,25.51,
2507,85,20.0,23.53,11,12.94,
2508,87,10.0,11.49,27,31.03,
2509,83,10.0,12.05,26,31.33,
2510,95,12.0,12.63,32,33.68,
2511,66,8.0,12.12,18,27.27,
2512,89,17.0,19.1,30,33.71,
2513,791,125.0,15.8,212,26.8,100.0
2514,246,83.0,33.74,27,10.98,
2515,285,113.0,39.65,32,11.23,
2516,245,106.0,43.27,36,14.69,
2517,239,113.0,47.28,34,14.23,
2518,241,102.0,42.32,30,12.45,
2519,229,73.0,31.88,26,11.35,
2520,1485,590.0,39.73,185,12.46,95.78
2521,87,19.0,21.84,28,32.18,
2522,84,22.0,26.19,28,33.33,
2523,87,21.0,24.14,25,28.74,
2524,77,20.0,25.97,31,40.26,
2525,76,24.0,31.58,22,28.95,
2526,83,14.0,16.87,27,32.53,
2527,91,17.0,18.68,35,38.46,
2528,88,22.0,25.0,28,31.82,
2529,72,17.0,23.61,24,33.33,
2530,745,176.0,23.62,248,33.29,100.0
2531,115,20.0,17.39,11,9.57,
2532,95,21.0,22.11,14,14.74,
2533,103,30.0,29.13,9,8.74,
2534,101,24.0,23.76,13,12.87,
2535,115,20.0,17.39,11,9.57,
2536,109,24.0,22.02,17,15.6,
2537,117,24.0,20.51,14,11.97,
2538,113,23.0,20.35,22,19.47,
2539,98,16.0,16.33,23,23.47,
2540,966,202.0,20.91,134,13.87,94.74
2541,80,25.0,31.25,8,10.0,
2542,107,35.0,32.71,11,10.28,
2543,99,28.0,28.28,8,8.08,
2544,99,23.0,23.23,13,13.13,
2545,97,21.0,21.65,9,9.28,
2546,91,15.0,16.48,10,10.99,
2547,104,9.0,8.65,11,10.58,
2548,95,14.0,14.74,17,17.89,
2549,90,13.0,14.44,16,17.78,
2550,862,183.0,21.23,103,11.95,73.69
2551,207,138.0,66.67,8,3.86,
2552,188,130.0,69.15,6,3.19,
2553,218,149.0,68.35,6,2.75,
2554,163,95.0,58.28,4,2.45,
2555,194,117.0,60.31,8,4.12,
2556,165,96.0,58.18,10,6.06,
2557,1135,725.0,63.88,42,3.7,88.81
2558,5,0.0,0.0,4,80.0,
2559,32,0.0,0.0,27,84.38,
2560,56,0.0,0.0,52,92.86,
2561,33,0.0,0.0,32,96.97,
2562,126,0.0,0.0,115,91.27,100.0
2563,14,0.0,0.0,13,92.86,
2564,21,0.0,0.0,21,100.0,
2565,14,1.0,7.14,13,92.86,
2566,11,0.0,0.0,11,100.0,
2567,60,1.0,1.67,58,96.67,100.0
2568,5,0.0,0.0,2,40.0,
2569,30,1.0,3.33,26,86.67,
2570,27,0.0,0.0,21,77.78,
2571,26,0.0,0.0,22,84.62,
2572,88,1.0,1.14,71,80.68,100.0
2573,3,0.0,0.0,3,100.0,
2574,8,1.0,12.5,7,87.5,
2575,2,1.0,50.0,1,50.0,
2576,78,1.0,1.28,62,79.49,
2577,91,3.0,3.3,73,80.22,0.0
2578,50,0.0,0.0,45,90.0,
2579,58,0.0,0.0,56,96.55,
2580,45,0.0,0.0,39,86.67,
2581,36,2.0,5.56,33,91.67,
2582,189,2.0,1.06,173,91.53,100.0
2583,7,0.0,0.0,5,71.43,
2584,4,0.0,0.0,4,100.0,
2585,47,0.0,0.0,44,93.62,
2586,58,0.0,0.0,53,91.38,100.0
2587,80,7.0,8.75,9,11.25,
2588,78,11.0,14.1,10,12.82,
2589,86,14.0,16.28,13,15.12,
2590,82,11.0,13.41,9,10.98,
2591,92,14.0,15.22,12,13.04,
2592,77,13.0,16.88,11,14.29,
2593,102,10.0,9.8,21,20.59,
2594,87,12.0,13.79,21,24.14,
2595,79,11.0,13.92,22,27.85,
2596,763,103.0,13.5,128,16.78,97.72
2597,10,0.0,0.0,7,70.0,
2598,12,1.0,8.33,8,66.67,
2599,21,0.0,0.0,13,61.9,
2600,29,1.0,3.45,21,72.41,
2601,32,1.0,3.13,21,65.63,
2602,49,1.0,2.04,30,61.22,
2603,53,2.0,3.77,38,71.7,
2604,49,2.0,4.08,34,69.39,
2605,60,3.0,5.0,39,65.0,
2606,76,3.0,3.95,49,64.47,
2607,109,6.0,5.5,69,63.3,
2608,93,5.0,5.38,59,63.44,
2609,117,2.0,1.71,69,58.97,
2610,710,27.0,3.8,457,64.37,
2611,18,0.0,0.0,14,77.78,
2612,31,0.0,0.0,27,87.1,
2613,38,1.0,2.63,35,92.11,
2614,18,0.0,0.0,16,88.89,
2615,105,1.0,0.95,92,87.62,100.0
2616,16,0.0,0.0,14,87.5,
2617,17,0.0,0.0,15,88.24,
2618,18,0.0,0.0,17,94.44,
2619,28,1.0,3.57,24,85.71,
2620,79,1.0,1.27,70,88.61,0.0
2621,21,2.0,9.52,11,52.38,
2622,67,5.0,7.46,26,38.81,
2623,80,12.0,15.0,27,33.75,
2624,99,13.0,13.13,38,38.38,
2625,267,32.0,11.99,102,38.2,0.0
2626,23,0.0,0.0,12,52.17,
2627,21,2.0,9.52,9,42.86,
2628,37,1.0,2.7,14,37.84,
2629,50,3.0,6.0,18,36.0,
2630,131,6.0,4.58,53,40.46,0.0
2631,2,0.0,0.0,2,100.0,
2632,2,0.0,0.0,2,100.0,0.0
